RunID	Sample_num	Finished	Analyzed	DATAonDell	CSVonDell	Converted	DATA_Transmitted	CSV_Transmitted	Error	Closed
180601_NB500911_0896_AH3FWVBGX7	15	1	0	0	0	0	0	0	0	1
180601_NB551141_0345_AH35MTBGX7	15	1	0	1	0	0	0	0	0	1
180601_NB551141_0346_AH35TJBGX7	15	1	0	1	0	0	0	0	0	1
180604_NB500908_0907_AH37YLBGX7	15	1	0	1	0	0	0	0	0	1
180604_NB551141_0347_AH27YYBGX7	15	1	0	0	0	0	0	0	0	1
180605_NB500908_0908_AH3FWJBGX7	0	0	0	0	0	0	0	0	0	1
180605_NB500911_0897_AH3GFTBGX7	0	0	0	0	0	0	0	0	0	1
180605_NB551141_0348_AH3FNFBGX7	0	0	0	0	0	0	0	0	0	1
180606_NB500908_0909_AH3GGJBGX7	0	0	0	0	0	0	0	0	0	1
180606_NB500911_0898_AH3GGGBGX7	0	0	0	0	0	0	0	0	0	1
180606_NB551141_0349_AH3GHCBGX7	0	0	0	0	0	0	0	0	0	1
180606_NB551141_0350_AH37MJBGX7	0	0	0	0	0	0	0	0	0	1
180607_NB500908_0910_AH35K5BGX7	0	0	0	0	0	0	0	0	0	1
180607_NB500911_0899_AH3GGCBGX7	0	0	0	0	0	0	0	0	0	1
180607_NB551141_0351_AH352KBGX7	0	0	0	0	0	0	0	0	0	1
180607_NB551141_0352_AH3FKLBGX7	0	0	0	0	0	0	0	0	0	1
180608_NB500911_0900_AH3GG5BGX7	0	0	0	0	0	0	0	0	0	1
180608_NB551141_0353_AH3GFNBGX7	0	0	0	0	0	0	0	0	0	1
180608_NB551141_0354_AH3FWNBGX7	0	0	0	0	0	0	0	0	0	1
180611_NB500908_0912_AH35LYBGX7	0	0	0	0	0	0	0	0	0	1
180611_NB551141_0355_AH3G5FBGX7	0	0	0	0	0	0	0	0	0	1
180612_NB500908_0913_AH3GFWBGX7	0	0	0	0	0	0	0	0	0	1
180612_NB500911_0901_AH3G32BGX7	0	0	0	0	0	0	0	0	0	1
180612_NB551141_0356_AH35K7BGX7	0	0	0	0	0	0	0	0	0	1
180613_NB500908_0914_AH3FWKBGX7	0	0	0	0	0	0	0	0	0	1
180613_NB500911_0902_AH3G55BGX7	0	0	0	0	0	0	0	0	0	1
180613_NB551141_0357_AH353VBGX7	0	0	0	0	0	0	0	0	0	1
180613_NB551141_0358_AH35NHBGX7	0	0	0	0	0	0	0	0	0	1
180614_NB500908_0915_AH3G3YBGX7	0	0	0	0	0	0	0	0	0	1
180614_NB500911_0903_AH3CGKBGX7	0	0	0	0	0	0	0	0	0	1
180614_NB551141_0359_AH3FN5BGX7	0	0	0	0	0	0	0	0	0	1
180614_NB551141_0360_AH3G73BGX7	0	0	0	0	0	0	0	0	0	1
180615_NB500911_0904_AH3FWHBGX7	0	0	0	0	0	0	0	0	0	1
180615_NB551141_0361_AH3FN7BGX7	0	0	0	0	0	0	0	0	0	1
180615_NB551141_0362_AH3CF3BGX7	0	0	0	0	0	0	0	0	0	1
180618_NB500911_0905_AH2C3CBGX7	0	0	0	0	0	0	0	0	0	1
180618_NB551141_0363_AH3GFKBGX7	0	0	0	0	0	0	0	0	0	1
180619_NB500911_0906_AH3G57BGX7	0	0	0	0	0	0	0	0	0	1
180619_NB551141_0364_AH37MGBGX7	0	0	0	0	0	0	0	0	0	1
180620_NB500908_0918_AH3FMWBGX7	0	0	0	0	0	0	0	0	0	1
180620_NB500911_0907_AH37VMBGX7	0	0	0	0	0	0	0	0	0	1
180620_NB551141_0365_AH3G5TBGX7	0	0	0	0	0	0	0	0	0	1
180621_NB500908_0919_AH3FN2BGX7	0	0	0	0	0	0	0	0	0	1
180621_NB500911_0908_AH35C7BGX7	0	0	0	0	0	0	0	0	0	1
180621_NB551141_0366_AH37MFBGX7	0	0	0	0	0	0	0	0	0	1
180621_NB551141_0367_AH3FKNBGX7	0	0	0	0	0	0	0	0	0	1
180622_NB500908_0920_AH3FNNBGX7	0	0	0	0	0	0	0	0	0	1
180622_NB551141_0368_AH35NGBGX7	0	0	0	0	0	0	0	0	0	1
180622_NB551141_0369_AH3G5YBGX7	0	0	0	0	0	0	0	0	0	1
180623_NB500908_0921_AH3FWMBGX7	0	0	0	0	0	0	0	0	0	1
180623_NB551141_0370_AH3FNLBGX7	0	0	0	0	0	0	0	0	0	1
180625_NB500911_0910_AH3CF7BGX7	0	0	0	0	0	0	0	0	0	1
180625_NB551141_0371_AHHLCVBGX7	0	0	0	0	0	0	0	0	0	1
180626_NB500911_0911_AHHK3JBGX7	0	0	0	0	0	0	0	0	0	1
180626_NB551141_0372_AHHJVTBGX7	0	0	0	0	0	0	0	0	0	1
180627_NB500908_0922_AHHK7CBGX7	0	0	0	0	0	0	0	0	0	1
180627_NB500911_0912_AHHJVNBGX7	0	0	0	0	0	0	0	0	0	1
180627_NB551141_0373_AHHJHKBGX7	0	0	0	0	0	0	0	0	0	1
180628_NB500908_0923_AHHK2KBGX7	0	0	0	0	0	0	0	0	0	1
180628_NB500911_0913_AHHJNVBGX7	0	0	0	0	0	0	0	0	0	1
180628_NB551141_0374_AHHK77BGX7	0	0	0	0	0	0	0	0	0	1
180628_NB551141_0375_AHHJHMBGX7	0	0	0	0	0	0	0	0	0	1
180629_NB500908_0924_AHHKWYBGX7	0	0	0	0	0	0	0	0	0	1
180629_NB551141_0376_AHHK3CBGX7	0	0	0	0	0	0	0	0	0	1
180629_NB551141_0377_AHHJVMBGX7	0	0	0	0	0	0	0	0	0	1
180702_NB500908_0925_AHHK35BGX7	0	0	0	0	0	0	0	0	0	1
180702_NB551141_0378_AHHKWLBGX7_1	0	0	0	0	0	0	0	0	0	1
180703_NB500908_0926_AHHJTFBGX7	0	0	0	0	0	0	0	0	0	1
180703_NB500911_0916_AHHJM5BGX7	0	0	0	0	0	0	0	0	0	1
180703_NB551141_0379_AHHJJVBGX7	0	0	0	0	0	0	0	0	0	1
180704_NB500908_0927_AHHJM2BGX7	0	0	0	0	0	0	0	0	0	1
180704_NB500911_0917_AHHLCNBGX7	0	0	0	0	0	0	0	0	0	1
180704_NB551141_0380_AHHK2MBGX7	0	0	0	0	0	0	0	0	0	1
180704_NB551141_0381_AHHK37BGX7	0	0	0	0	0	0	0	0	0	1
180705_NB500908_0928_AHHJWHBGX7	0	0	0	0	0	0	0	0	0	1
180705_NB551141_0382_AHHJJTBGX7	0	0	0	0	0	0	0	0	0	1
180705_NB551141_0383_AHHJJNBGX7	0	0	0	0	0	0	0	0	0	1
180706_NB500908_0929_AHHJNWBGX7	0	0	0	0	0	0	0	0	0	1
180706_NB551141_0384_AHHJT5BGX7	0	0	0	0	0	0	0	0	0	1
180709_NB500908_0930_AHHLCWBGX7	0	0	0	0	0	0	0	0	0	1
180709_NB551141_0385_AHHLF3BGX7	0	0	0	0	0	0	0	0	0	1
180712_NB500908_0931_AHHL3CBGX7	0	0	0	0	0	0	0	0	0	1
180712_NB500908_0932_AHHK2LBGX7	0	0	0	0	0	0	0	0	0	1
180712_NB500911_0920_AHHK3FBGX7	0	0	0	0	0	0	0	0	0	1
180712_NB500911_0921_AHHJJMBGX7	0	0	0	0	0	0	0	0	0	1
180712_NB551141_0386_AHHKWVBGX7	0	0	0	0	0	0	0	0	0	1
180712_NB551141_0387_AHHJVKBGX7	0	0	0	0	0	0	0	0	0	1
180713_NB500908_0933_AHHK2JBGX7	0	0	0	0	0	0	0	0	0	1
180713_NB500911_0922_AHHJMJBGX7	0	0	0	0	0	0	0	0	0	1
180713_NB551141_0388_AHHK33BGX7	0	0	0	0	0	0	0	0	0	1
180713_NB551141_0389_AHHJM3BGX7	0	0	0	0	0	0	0	0	0	1
180716_NB500908_0934_AHHK2VBGX7	0	0	0	0	0	0	0	0	0	1
180716_NB551141_0390_AHHKY3BGX7	0	0	0	0	0	0	0	0	0	1
180717_NB500908_0935_AHHJTCBGX7	0	0	0	0	0	0	0	0	0	1
180717_NB500911_0924_AHHJT2BGX7	0	0	0	0	0	0	0	0	0	1
180717_NB551141_0391_AHHLCHBGX7	0	0	0	0	0	0	0	0	0	1
180718_NB500908_0936_AHHL5VBGX7	0	0	0	0	0	0	0	0	0	1
180718_NB500911_0925_AHHJHJBGX7	0	0	0	0	0	0	0	0	0	1
180718_NB551141_0392_AHHJTTBGX7	0	0	0	0	0	0	0	0	0	1
180718_NB551141_0393_AHHJHLBGX7	0	0	0	0	0	0	0	0	0	1
180719_NB551141_0394_AHHJWLBGX7	0	0	0	0	0	0	0	0	0	1
180719_NB551141_0395_AHHJMHBGX7	0	0	0	0	0	0	0	0	0	1
180720_NB551141_0396_AHHJK2BGX7	0	0	0	0	0	0	0	0	0	1
180720_NB551141_0397_AHHJMKBGX7	0	0	0	0	0	0	0	0	0	1
180721_NB500908_0937_AHHJVVBGX7	0	0	0	0	0	0	0	0	0	1
180721_NB500911_0926_AHHJT7BGX7	0	0	0	0	0	0	0	0	0	1
180721_NB551141_0398_AHHJK7BGX7	0	0	0	0	0	0	0	0	0	1
180722_NB500908_0938_AHHLF5BGX7	0	0	0	0	0	0	0	0	0	1
180722_NB500911_0927_AHHJT3BGX7	0	0	0	0	0	0	0	0	0	1
180723_NB500908_0939_AHHL5KBGX7	0	0	0	0	0	0	0	0	0	1
180723_NB500911_0928_AHHJNTBGX7	0	0	0	0	0	0	0	0	0	1
180724_NB500908_0940_AHHJK3BGX7	0	0	0	0	0	0	0	0	0	1
180724_NB500911_0929_AHHK2WBGX7	0	0	0	0	0	0	0	0	0	1
180724_NB500911_0930_AHHLF2BGX7	0	0	0	0	0	0	0	0	0	1
180724_NB551141_0399_AHHLCKBGX7_1	0	0	0	0	0	0	0	0	0	1
180725_NB500908_0941_AHHKW7BGX7	0	0	0	0	0	0	0	0	0	1
180725_NB500911_0931_AHHK5YBGX7	0	0	0	0	0	0	0	0	0	1
180725_NB551141_0400_AHHJVLBGX7	0	0	0	0	0	0	0	0	0	1
180726_NB500908_0942_AHHJJYBGX7	0	0	0	0	0	0	0	0	0	1
180726_NB500911_0932_AHHKYFBGX7	0	0	0	0	0	0	0	0	0	1
180726_NB551141_0401_AHHJTNBGX7	0	0	0	0	0	0	0	0	0	1
180727_NB500911_0933_AHHJWMBGX7	0	0	0	0	0	0	0	0	0	1
180727_NB551141_0402_AHHK72BGX7	0	0	0	0	0	0	0	0	0	1
180730_NB500911_0934_AHHKWFBGX7	0	0	0	0	0	0	0	0	0	1
180730_NB551141_0403_AHHJHTBGX7	0	0	0	0	0	0	0	0	0	1
180731_NB500908_0944_AHHJTWBGX7	0	0	0	0	0	0	0	0	0	1
180731_NB500911_0935_AHHJJWBGX7	0	0	0	0	0	0	0	0	0	1
180731_NB551141_0404_AHHK2YBGX7	0	0	0	0	0	0	0	0	0	1
180801_NB500908_0945_AHHJMGBGX7	0	0	0	0	0	0	0	0	0	1
180801_NB500911_0936_AHHJNYBGX7	0	0	0	0	0	0	0	0	0	1
180801_NB551141_0405_AHHLCTBGX7	0	0	0	0	0	0	0	0	0	1
180801_NB551141_0406_AHHJMFBGX7	0	0	0	0	0	0	0	0	0	1
180802_NB500911_0937_AHHKWCBGX7	0	0	0	0	0	0	0	0	0	1
180802_NB551141_0407_AHHJK5BGX7	0	0	0	0	0	0	0	0	0	1
180802_NB551141_0408_AHHJHYBGX7	0	0	0	0	0	0	0	0	0	1
180803_NB500911_0938_AHM7VMBGX7	0	0	0	0	0	0	0	0	0	1
180803_NB551141_0409_AHM5KVBGX7	0	0	0	0	0	0	0	0	0	1
180806_NB500911_0939_AHHJTKBGX7	0	0	0	0	0	0	0	0	0	1
180806_NB551141_0410_AHHK32BGX7	0	0	0	0	0	0	0	0	0	1
180807_NB500908_0948_AHM3V2BGX7	0	0	0	0	0	0	0	0	0	1
180807_NB500911_0940_AHM7NLBGX7	0	0	0	0	0	0	0	0	0	1
180807_NB551141_0411_AHM3V7BGX7	0	0	0	0	0	0	0	0	0	1
180808_NB500908_0949_AHM75VBGX7	0	0	0	0	0	0	0	0	0	1
180808_NB500911_0941_AHM5WFBGX7	0	0	0	0	0	0	0	0	0	1
180808_NB551141_0412_AHM5KTBGX7	0	0	0	0	0	0	0	0	0	1
180808_NB551141_0413_AHM7TYBGX7	0	0	0	0	0	0	0	0	0	1
180809_NB500908_0950_AHM7FFBGX7	0	0	0	0	0	0	0	0	0	1
180809_NB500911_0942_AHM7GVBGX7	0	0	0	0	0	0	0	0	0	1
180809_NB551141_0414_AHM2V5BGX7	0	0	0	0	0	0	0	0	0	1
180809_NB551141_0415_AHM7KLBGX7	0	0	0	0	0	0	0	0	0	1
180810_NB500911_0943_AHM7CWBGX7	0	0	0	0	0	0	0	0	0	1
180810_NB551141_0416_AHM77GBGX7	0	0	0	0	0	0	0	0	0	1
180813_NB500911_0944_AHM5VCBGX7	0	0	0	0	0	0	0	0	0	1
180813_NB551141_0417_AHM772BGX7	0	0	0	0	0	0	0	0	0	1
180814_NB500908_0952_AHM5TLBGX7	0	0	0	0	0	0	0	0	0	1
180814_NB500911_0945_AHM7V3BGX7	0	0	0	0	0	0	0	0	0	1
180814_NB551141_0418_AHM75MBGX7	0	0	0	0	0	0	0	0	0	1
180815_NB500908_0953_AHM727BGX7	0	0	0	0	0	0	0	0	0	1
180815_NB500911_0946_AHM7FNBGX7	0	0	0	0	0	0	0	0	0	1
180815_NB551141_0419_AHM3VCBGX7	0	0	0	0	0	0	0	0	0	1
180815_NB551141_0420_AHM5LHBGX7	0	0	0	0	0	0	0	0	0	1
180816_NB500911_0947_AHM75WBGX7	0	0	0	0	0	0	0	0	0	1
180816_NB551141_0421_AHM5NWBGX7	0	0	0	0	0	0	0	0	0	1
180817_NB500911_0948_AHM5LJBGX7	0	0	0	0	0	0	0	0	0	1
180817_NB551141_0422_AHM7NTBGX7	0	0	0	0	0	0	0	0	0	1
180820_NB500911_0949_AHM7NVBGX7	0	0	0	0	0	0	0	0	0	1
180820_NB551141_0423_AHM3V5BGX7	0	0	0	0	0	0	0	0	0	1
180821_NB500908_0955_AHM7LNBGX7	0	0	0	0	0	0	0	0	0	1
180821_NB500911_0950_AHM75YBGX7	0	0	0	0	0	0	0	0	0	1
180821_NB551141_0424_AHM7TWBGX7	0	0	0	0	0	0	0	0	0	1
180822_NB500908_0956_AHM72TBGX7	0	0	0	0	0	0	0	0	0	1
180822_NB500911_0951_AHM75FBGX7	0	0	0	0	0	0	0	0	0	1
180822_NB551141_0425_AHM7GLBGX7	0	0	0	0	0	0	0	0	0	1
180822_NB551141_0426_AHM77FBGX7	0	0	0	0	0	0	0	0	0	1
180823_NB500908_0957_AHLYTJBGX7	0	0	0	0	0	0	0	0	0	1
180823_NB551141_0427_AHM73HBGX7	0	0	0	0	0	0	0	0	0	1
180824_NB500908_0958_AHM7GFBGX7	0	0	0	0	0	0	0	0	0	1
180824_NB551141_0428_AHM5KNBGX7	0	0	0	0	0	0	0	0	0	1
180827_NB500908_0959_AHM5KWBGX7	0	0	0	0	0	0	0	0	0	1
180827_NB551141_0429_AHM7TFBGX7	0	0	0	0	0	0	0	0	0	1
180828_NB500908_0960_AHM7J5BGX7	0	0	0	0	0	0	0	0	0	1
180828_NB500908_0961_AHM7CFBGX7	0	0	0	0	0	0	0	0	0	1
180828_NB500911_0954_AHM5WHBGX7	0	0	0	0	0	0	0	0	0	1
180828_NB551141_0430_AHM735BGX7	0	0	0	0	0	0	0	0	0	1
180828_NB551141_0431_AHM7C3BGX7	0	0	0	0	0	0	0	0	0	1
180829_NB500908_0962_AHM5LWBGX7	0	0	0	0	0	0	0	0	0	1
180829_NB500911_0955_AHM7TJBGX7	0	0	0	0	0	0	0	0	0	1
180829_NB551141_0432_AHM7GGBGX7	0	0	0	0	0	0	0	0	0	1
180829_NB551141_0433_AHM5TNBGX7	0	0	0	0	0	0	0	0	0	1
180830_NB500911_0956_AHM77KBGX7	0	0	0	0	0	0	0	0	0	1
180830_NB551141_0434_AHM5T7BGX7	0	0	0	0	0	0	0	0	0	1
180831_NB551141_0435_AHM75CBGX7	0	0	0	0	0	0	0	0	0	1
180901_NB500911_0957_AHM5VGBGX7	0	0	0	0	0	0	0	0	0	1
180901_NB551141_0436_AHLYTWBGX7	0	0	0	0	0	0	0	0	0	1
180903_NB500911_0958_AHM5TCBGX7	0	0	0	0	0	0	0	0	0	1
180903_NB551141_0437_AHM5T5BGX7	0	0	0	0	0	0	0	0	0	1
180904_NB500908_0964_AHM7NGBGX7	0	0	0	0	0	0	0	0	0	1
180904_NB500911_0959_AHM5VLBGX7	0	0	0	0	0	0	0	0	0	1
180904_NB551141_0438_AHM3F7BGX7	0	0	0	0	0	0	0	0	0	1
180905_NB500911_0960_AHM72NBGX7	0	0	0	0	0	0	0	0	0	1
180905_NB551141_0439_AHM77MBGX7	0	0	0	0	0	0	0	0	0	1
180906_NB500908_0965_AHM7F2BGX7	0	0	0	0	0	0	0	0	0	1
180906_NB500911_0961_AHM7KWBGX7	0	0	0	0	0	0	0	0	0	1
180906_NB551141_0440_AHM7NNBGX7	0	0	0	0	0	0	0	0	0	1
180907_NB500911_0962_AHM3KNBGX7_1	0	0	0	0	0	0	0	0	0	1
180907_NB551141_0441_AHM3VHBGX7	0	0	0	0	0	0	0	0	0	1
180910_NB500911_0963_AHM7THBGX7	0	0	0	0	0	0	0	0	0	1
180910_NB551141_0442_AHM5YTBGX7	0	0	0	0	0	0	0	0	0	1
180911_NB500908_0967_AHM72GBGX7	0	0	0	0	0	0	0	0	0	1
180911_NB500911_0964_AHM7NHBGX7	0	0	0	0	0	0	0	0	0	1
180911_NB551141_0443_AHLYVHBGX7	15	1	1	1	1	1	1	1	0	1
180912_NB500911_0965_AHM723BGX7	15	1	1	1	1	1	1	1	0	1
180912_NB551141_0444_AHM5LGBGX7	15	1	1	1	1	1	1	1	0	1
180912_NB551141_0445_AHM7G5BGX7	15	1	1	1	1	1	1	1	0	1
180913_NB500908_0969_AHM7V7BGX7	15	1	1	1	1	1	1	1	0	1
180913_NB500911_0966_AHM7NWBGX7	15	1	1	1	1	1	1	1	0	1
180913_NB551141_0446_AHM7TGBGX7	15	1	1	1	1	1	1	1	0	1
180913_NB551141_0447_AHM3VFBGX7	15	1	1	1	1	1	1	1	0	1
180914_NB500911_0967_AHM7V5BGX7	15	1	1	1	1	1	1	1	0	1
180914_NB551141_0448_AHM7CGBGX7	15	1	1	1	1	1	1	1	0	1
180917_NB500911_0968_AHM5W7BGX7	15	1	1	1	1	1	1	1	0	1
180917_NB551141_0449_AHM7KKBGX7	15	1	1	1	1	1	1	1	0	1
180918_NB500908_0971_AHLYV3BGX7	15	1	1	1	1	1	1	1	0	1
180918_NB500911_0969_AHM7J7BGX7	15	1	1	1	1	1	1	1	0	1
180918_NB551141_0450_AHM7WKBGX7	15	1	1	1	1	1	1	1	0	1
180919_NB500911_0970_AHM7YJBGX7	15	1	1	1	1	1	1	1	0	1
180919_NB551141_0451_AHLYTGBGX7	15	1	1	1	1	1	1	1	0	1
180920_NB500908_0973_AHM3K3BGX7	15	1	1	1	1	1	1	1	0	1
180920_NB500911_0971_AHM7CKBGX7	15	1	1	1	1	1	1	1	0	1
180920_NB551141_0452_AHM72LBGX7	15	1	1	1	1	1	1	1	0	1
180921_NB500908_0974_AHM5VFBGX7	15	1	1	1	1	1	1	1	0	1
180921_NB551141_0453_AHM7GYBGX7	15	1	1	1	1	1	1	1	0	1
180921_NB551141_0454_AHM2TYBGX7	15	1	1	1	1	1	1	1	0	1
180924_NB500908_0975_AHLYTFBGX7	15	1	1	1	1	1	1	1	0	1
180924_NB551141_0455_AHM7CNBGX7	15	1	1	1	1	1	1	1	0	1
180925_NB500908_0976_AHM7NKBGX7	15	1	1	1	1	1	1	1	0	1
180925_NB500911_0973_AHLYVFBGX7	15	1	1	1	1	1	1	1	0	1
180925_NB551141_0456_AHM777BGX7	15	1	1	1	1	1	1	1	0	1
180926_NB500908_0977_AHLYTHBGX7	15	1	1	1	1	1	1	1	0	1
180926_NB500911_0974_AHM75LBGX7	15	1	1	1	1	1	1	1	0	1
180926_NB551141_0457_AHM775BGX7	15	1	1	1	1	1	1	1	0	1
180926_NB551141_0458_AHM7NMBGX7	15	1	1	1	1	1	1	1	0	1
180927_NB500908_0978_AHM7GWBGX7	15	1	1	1	1	1	1	1	0	1
180927_NB500911_0975_AHM75JBGX7	15	1	1	1	1	1	1	1	0	1
180927_NB551141_0459_AHM75NBGX7	15	1	1	1	1	1	1	1	0	1
180928_NB500908_0979_AHM72WBGX7	15	1	1	1	1	1	1	1	0	1
180928_NB500911_0976_AHM2V3BGX7	15	1	1	1	1	1	1	1	0	1
181001_NB500908_0980_AHM7LWBGX7	15	1	1	1	1	1	1	1	0	1
181001_NB500911_0977_AHLYTKBGX7	15	1	1	1	1	1	1	1	0	1
181001_NB551141_0461_AHM773BGX7	15	1	1	1	1	1	1	1	0	1
181002_NB500908_0981_AHM72VBGX7	15	1	1	1	1	1	1	1	0	1
181002_NB551141_0462_AHM75KBGX7	15	1	1	1	1	1	1	1	0	1
181002_NB551141_0463_AHM7GJBGX7	15	1	1	1	1	1	1	1	0	1
181003_NB500908_0982_AHM77HBGX7	15	1	1	1	1	1	1	1	0	1
181003_NB500908_0983_AHM7FJBGX7	15	1	1	1	1	1	1	1	0	1
181003_NB500911_0979_AHM7FGBGX7	15	1	1	1	1	1	1	1	0	1
181003_NB551141_0464_AHM5TFBGX7	15	1	1	1	1	1	1	1	0	1
181003_NB551141_0465_AHM5YVBGX7	15	1	1	1	1	1	1	1	0	1
181004_NB500911_0980_AHM5T3BGX7	15	1	1	1	1	1	1	1	0	1
181004_NB551141_0466_AHM5V7BGX7	15	1	1	1	1	1	1	1	0	1
181005_NB500911_0981_AHM7GKBGX7	15	1	1	1	1	1	1	1	0	1
181005_NB551141_0467_AHM5KMBGX7	15	1	1	1	1	1	1	1	0	1
181008_NB500911_0982_AHM7LVBGX7	15	1	1	1	1	1	1	1	0	1
181008_NB551141_0468_AHM77CBGX7	15	1	1	1	1	1	1	1	0	1
181009_NB500908_0985_AHM7CHBGX7	15	1	1	1	1	1	1	1	0	1
181009_NB500911_0983_AHM2V2BGX7	15	1	1	1	1	1	1	1	0	1
181009_NB551141_0469_AHM77LBGX7	15	1	1	1	1	1	1	1	0	1
181010_NB500908_0986_AHM7GTBGX7	15	1	1	1	1	1	1	1	0	1
181010_NB500911_0984_AHM2WHBGX7	15	1	1	1	1	1	1	1	0	1
181010_NB551141_0470_AHLYVGBGX7	15	1	1	1	1	1	1	1	0	1
181011_NB500908_0987_AHM77JBGX7	15	1	1	1	1	1	1	1	0	1
181011_NB500911_0985_AHM5VKBGX7	15	1	1	1	1	1	1	1	0	1
181011_NB551141_0471_AHM2VWBGX7	15	1	1	1	1	1	1	1	0	1
181012_NB500911_0986_AHM72MBGX7	15	1	1	1	1	1	1	1	0	1
181012_NB551141_0472_AHM7VLBGX7	15	1	1	1	1	1	1	1	0	1
181015_NB500911_0987_AHM7GMBGX7	15	1	1	1	1	1	1	1	0	1
181015_NB551141_0473_AHM7CJBGX7	15	1	1	1	1	1	1	1	0	1
181016_NB500911_0988_AHM5NYBGX7	15	1	1	1	1	1	1	1	0	1
181016_NB551141_0474_AHM7FCBGX7	15	1	1	1	1	1	1	1	0	1
181017_NB500908_0990_AHY27JBGX7	15	1	1	1	1	1	1	1	0	1
181017_NB500911_0989_AHM7F7BGX7	15	1	1	1	1	1	1	1	0	1
181017_NB500911_0990_AHY23HBGX7	15	1	1	1	1	1	1	1	0	1
181017_NB551141_0475_AHLYTYBGX7	15	1	1	1	1	1	1	1	0	1
181017_NB551141_0476_AHYC5JBGX7	15	1	1	1	1	1	1	1	0	1
181018_NB500908_0991_AHYHLYBGX7	15	1	1	1	1	1	1	1	0	1
181018_NB500911_0991_AHYLWHBGX7	15	1	1	1	1	1	1	1	0	1
181018_NB551141_0477_AHYCFVBGX7	15	1	1	1	1	1	1	1	0	1
181019_NB500908_0992_AHYHJTBGX7	15	1	1	1	1	1	1	1	0	1
181019_NB551141_0478_AHYJK2BGX7	15	1	1	1	1	1	1	1	0	1
181020_NB500908_0993_AHYJMHBGX7	15	1	1	1	1	1	1	1	0	1
181020_NB551141_0479_AHYM2NBGX7	15	1	1	1	1	1	1	1	0	1
181022_NB500908_0994_AHY27LBGX7	15	1	1	1	1	1	1	1	0	1
181022_NB551141_0480_AHYHL3BGX7	15	1	1	1	1	1	1	1	0	1
181023_NB500908_0995_AHYC55BGX7	15	1	1	1	1	1	1	1	0	1
181023_NB500911_0994_AHYKWTBGX7	15	1	1	1	1	1	1	1	0	1
181023_NB551141_0481_AHYJLNBGX7	15	1	1	1	1	1	1	1	0	1
181024_NB500908_0996_AHYMFTBGX7	15	1	1	1	1	1	1	1	0	1
181024_NB500911_0995_AHY23VBGX7	15	1	1	1	1	1	1	1	0	1
181024_NB551141_0482_AHY23JBGX7	15	1	1	1	1	1	1	1	0	1
181024_NB551141_0483_AHY23KBGX7	15	1	1	1	1	1	1	1	0	1
181025_NB500911_0996_AHYHL7BGX7	15	1	1	1	1	1	1	1	0	1
181025_NB551141_0484_AHYM2JBGX7	15	1	1	1	1	1	1	1	0	1
181026_NB500908_0997_AHYCNNBGX7	15	1	1	1	1	1	1	1	0	1
181026_NB500911_0997_AHYHM5BGX7	15	1	1	1	1	1	1	1	0	1
181027_NB500908_0998_AHYHMJBGX7	15	1	1	1	1	1	1	1	0	1
181029_NB500908_0999_AHY23MBGX7	15	1	1	1	1	1	1	1	0	1
181029_NB551141_0486_AHYLWGBGX7	15	1	1	1	1	1	1	1	0	1
181030_NB500908_1000_AHYHLCBGX7	15	1	1	1	1	1	1	1	0	1
181030_NB500908_1000_AHYHLCBGX7_1	15	1	1	1	1	1	1	1	0	1
181030_NB500911_0998_AHYHK2BGX7	15	1	1	1	1	1	1	1	0	1
181030_NB551141_0487_AHYCH7BGX7	15	1	1	1	1	1	1	1	0	1
181031_NB500908_1001_AHYCJWBGX7	15	1	1	1	1	1	1	1	0	1
181031_NB500911_0999_AHYM2LBGX7	15	1	1	1	1	1	1	1	0	1
181031_NB551141_0488_AHYM27BGX7	15	1	1	1	1	1	1	1	0	1
181031_NB551141_0489_AHYC3HBGX7	15	1	1	1	1	1	1	1	0	1
181101_NB500908_1002_AHYHLWBGX7	15	1	1	1	1	1	1	1	0	1
181101_NB500911_1000_AHYNG5BGX7	15	1	1	1	1	1	1	1	0	1
181101_NB551141_0490_AHYMFKBGX7	15	1	1	1	1	1	1	1	0	1
181102_NB500908_1003_AHYM2MBGX7	15	1	1	1	1	1	1	1	0	1
181102_NB551141_0491_AHYMFMBGX7	15	1	1	1	1	1	1	1	0	1
181105_NB500908_1004_AHYHK7BGX7	15	1	1	1	1	1	1	1	0	1
181105_NB551141_0492_AHYMFJBGX7	15	1	1	1	1	1	1	1	0	1
181106_NB500908_1005_AHY273BGX7	15	1	1	1	1	1	1	1	0	1
181106_NB551141_0493_AHYM2FBGX7	15	1	1	1	1	1	1	1	0	1
181107_NB500908_1006_AHY7C7BGX7	15	1	1	1	1	1	1	1	0	1
181107_NB500908_1007_AHY23NBGX7	15	1	1	1	1	1	1	1	0	1
181107_NB500911_1003_AHYM2HBGX7	15	1	1	1	1	1	1	1	0	1
181107_NB551141_0494_AHYMH2BGX7	15	1	1	1	1	1	1	1	0	1
181107_NB551141_0495_AHY23GBGX7	15	1	1	1	1	1	1	1	0	1
181108_NB500908_1008_AHY7YVBGX7	15	1	1	1	1	1	1	1	0	1
181108_NB500911_1004_AHY7C5BGX7	15	0	0	0	0	0	0	0	0	0
181108_NB551141_0496_AHYC32BGX7	15	1	1	1	1	1	1	1	0	1
181109_NB500908_1009_AXXXXXXXXX	0	0	0	0	0	0	0	0	0	0
181109_NB500908_1010_AHYLWCBGX7	15	1	1	1	1	1	1	1	0	1
181109_NB500911_1005_AHY7C5BGX7	0	0	0	0	0	0	0	0	0	0
181109_NB500911_1006_AHYHKHBGX7	15	1	1	1	1	1	1	1	0	1
181110_NB500911_1007_AHYC5MBGX7	15	1	1	1	1	1	1	1	0	1
181112_NB500911_1008_AHYHM2BGX7	15	1	1	1	1	1	1	1	0	1
181112_NB551141_0498_AHYNGCBGX7	15	1	1	1	1	1	1	1	0	1
181113_NB500908_1011_AHYLW7BGX7	15	1	1	1	1	1	1	1	0	1
181113_NB500911_1009_AHYJMFBGX7	15	1	1	1	1	1	1	1	0	1
181113_NB551141_0499_AHY23TBGX7	15	1	1	1	1	1	1	1	0	1
181114_NB500908_1012_AHYHJWBGX7	15	1	1	1	1	1	1	1	0	1
181114_NB500911_1010_AHYG53BGX7	15	1	1	1	1	1	1	1	0	1
181114_NB551141_0500_AHYHLFBGX7	15	1	1	1	1	1	1	1	0	1
181114_NB551141_0501_AHY27KBGX7	15	1	1	1	1	1	1	1	0	1
181115_NB500908_1013_AHY23LBGX7	15	1	1	1	1	1	1	1	0	1
181115_NB500908_1013_AHY23LBGX7_1	15	1	1	1	1	1	1	1	0	1
181115_NB500911_1011_AHYLW5BGX7	15	1	1	1	1	1	1	1	0	1
181115_NB551141_0502_AHYLVVBGX7	15	1	1	1	1	1	1	1	0	1
181115_NB551141_0503_AHY23FBGX7	15	1	1	1	1	1	1	1	0	1
181116_NB500911_1012_AHYLW3BGX7	15	1	1	1	1	1	1	1	0	1
181116_NB551141_0504_AHY27FBGX7	15	1	1	1	1	1	1	1	0	1
181119_NB500911_1013_AHYGHJBGX7	15	1	1	1	1	1	1	1	0	1
181119_NB551141_0505_AHYLWFBGX7	15	1	1	1	1	1	1	1	0	1
181120_NB500908_1015_AHYM2KBGX7	15	1	1	1	1	1	1	1	0	1
181120_NB500911_1014_AHYM2GBGX7	15	1	1	1	1	1	1	1	0	1
181120_NB551141_0506_AHYM2CBGX7	15	1	1	1	1	1	1	1	0	1
181121_NB500908_1016_AHYCJKBGX7	15	1	1	1	1	1	1	1	0	1
181121_NB500911_1015_AHY7CFBGX7	15	1	1	1	1	1	1	1	0	1
181121_NB551141_0507_AHYCFNBGX7	15	1	1	1	1	1	1	1	0	1
181121_NB551141_0508_AHYNGLBGX7	15	1	1	1	1	1	1	1	0	1
181122_NB500908_1017_AHYLVYBGX7	15	1	1	1	1	1	1	1	0	1
181122_NB500911_1016_AHCGKKBGX9	15	1	1	1	1	1	1	1	0	1
181122_NB551141_0509_AHCHHCBGX9	15	1	1	1	1	1	1	1	0	1
181123_NB500911_1017_AHCHHFBGX9	15	1	1	1	1	1	1	1	0	1
181123_NB551141_0510_AHFMTGBGX9	15	1	1	1	1	1	1	1	0	1
181126_NB551141_0511_AHCGMWBGX9	15	1	1	1	1	1	1	1	0	1
181127_NB500908_1018_AHYCJFBGX7	15	1	1	1	1	1	1	1	0	1
181127_NB500911_1019_AHCGKTBGX9	15	1	1	1	1	1	1	1	0	1
181127_NB551141_0512_AHYMG2BGX7	15	1	1	1	1	1	1	1	0	1
181128_NB500908_1019_AHYJJMBGX7	15	1	1	1	1	1	1	1	0	1
181128_NB500911_1020_AHYHL5BGX7	15	1	1	1	1	1	1	1	0	1
181128_NB551141_0513_AHCHH2BGX9	15	1	1	1	1	1	1	1	0	1
181129_NB500908_1021_AXXXXXXXXX	15	1	1	1	1	1	1	1	0	1
181129_NB500911_1021_AHCGJWBGX9	15	1	1	1	1	1	1	1	0	1
181130_NB500908_1022_AHYCHGBGX7	15	1	1	1	1	1	1	1	0	1
181130_NB500911_1022_AHYMFYBGX7	15	1	1	1	1	1	1	1	0	1
181203_NB500908_1023_AHYHKYBGX7	15	1	1	1	1	1	1	1	0	1
181203_NB500911_1023_AHY27CBGX7	15	1	1	1	1	1	1	1	0	1
181203_NB551141_0515_AHYCJHBGX7	15	1	1	1	1	1	1	1	0	1
181204_NB500911_1024_AHCGT3BGX9	15	1	1	1	1	1	1	1	0	1
181204_NB551141_0516_AHYC5CBGX7	15	1	1	1	1	1	1	1	0	1
181205_NB500911_1025_AHYCJTBGX7	15	1	1	1	1	1	1	1	0	1
181205_NB500911_1026_AHCGT5BGX9	15	1	1	1	1	1	1	1	0	1
181205_NB551141_0517_AHYC2YBGX7	15	1	1	1	1	1	1	1	0	1
181205_NB551141_0518_AHCGTMBGX9	15	1	1	1	1	1	1	1	0	1
181206_NB500908_1025_AHCGFJBGX9	15	1	1	1	1	1	1	1	0	1
181206_NB551141_0519_AHCGMVBGX9	15	1	1	1	1	1	1	1	0	1
181207_NB500908_1026_AHCGJTBGX9	15	1	1	1	1	1	1	1	0	1
181207_NB551141_0520_AHCGNTBGX9	15	1	1	1	1	1	1	1	0	1
181207_NB551141_0521_AHCGFHBGX9	15	1	1	1	1	1	1	1	0	1
181210_NB500908_1027_AHCGFWBGX9	15	1	1	1	1	1	1	1	0	1
181210_NB551141_0522_AHCGVFBGX9	15	1	1	1	1	1	1	1	0	1
181211_NB500908_1028_AHCGTNBGX9	15	1	1	1	1	1	1	1	0	1
181211_NB551141_0523_AHCHGHBGX9	15	1	1	1	1	1	1	1	0	1
181212_NB500908_1029_AHCGKMBGX9	15	1	1	1	1	1	1	1	0	1
181212_NB500908_1030_AHCGMMBGX9	15	1	1	1	1	1	1	1	0	1
181212_NB551141_0524_AHCGK2BGX9	15	1	1	1	1	1	1	1	0	1
181212_NB551141_0525_AHCGKWBGX9	15	1	1	1	1	1	1	1	0	1
181213_NB500908_1031_AHCGF5BGX9	15	1	1	1	1	1	1	1	0	1
181213_NB500911_1030_AHCGGJBGX9	15	1	1	1	1	1	1	1	0	1
181213_NB551141_0526_AHCGTHBGX9	15	1	1	1	1	1	1	1	0	1
181213_NB551141_0527_AHCGG3BGX9	15	1	1	1	1	1	1	1	0	1
181214_NB500908_1032_AHCGJVBGX9	15	1	1	1	1	1	1	1	0	1
181214_NB500911_1031_AHCHGYBGX9	15	1	1	1	1	1	1	1	0	1
181214_NB551141_0528_AHCGNLBGX9	15	1	1	1	1	1	1	1	0	1
181217_NB500911_1032_AHCGFCBGX9	15	1	1	1	1	1	1	1	0	1
181217_NB551141_0530_AHCGFYBGX9	15	1	1	1	1	1	1	1	0	1
181218_NB500911_1033_AHCGJYBGX9	15	1	1	1	1	1	1	1	0	1
181218_NB551141_0531_AHCGJKBGX9	15	1	1	1	1	1	1	1	0	1
181219_NB500908_1034_AHCGNMBGX9	15	1	1	1	1	1	1	1	0	1
181219_NB500911_1034_AHCGKNBGX9	15	1	1	1	1	1	1	1	0	1
181219_NB500911_1035_AHCHGWBGX9	15	1	1	1	1	1	1	1	0	1
181219_NB551141_0532_AHCG7MBGX9	15	1	1	1	1	1	1	1	0	1
181220_NB500908_1035_AHCGH2BGX9	15	1	1	1	1	1	1	1	0	1
181220_NB500911_1036_AHCGGTBGX9	15	1	1	1	1	1	1	1	0	1
181220_NB551141_0533_AHCGFFBGX9	15	1	1	1	1	1	1	1	0	1
181221_NB500911_1037_AHCGCYBGX9	15	1	1	1	1	1	1	1	0	1
181221_NB551141_0534_AHCGNWBGX9	15	1	1	1	1	1	1	1	0	1
181222_NB500911_1038_AHCGF3BGX9	15	1	1	1	1	1	1	1	0	1
181222_NB551141_0535_AHCG7NBGX9	15	1	1	1	1	1	1	1	0	1
181224_NB500908_1038_AHCGKHBGX9	15	1	1	1	1	1	1	1	0	1
181224_NB500911_1039_AHCHH5BGX9	15	1	1	1	1	1	1	1	0	1
181224_NB551141_0536_AHCHGTBGX9	15	1	1	1	1	1	1	1	0	1
181225_NB500908_1039_AHCHGGBGX9	15	1	1	1	1	1	1	1	0	1
181225_NB551141_0537_AHCGGFBGX9	15	1	1	1	1	1	1	1	0	1
181225_NB551141_0538_AHCGMYBGX9	15	1	1	1	1	1	1	1	0	1
181226_NB500908_1040_AHCGJJBGX9	15	1	1	1	1	1	1	1	0	1
181226_NB500911_1041_AHCHGLBGX9	15	1	1	1	1	1	1	1	0	1
181226_NB551141_0539_AHCGT2BGX9	15	1	1	1	1	1	1	1	0	1
181227_NB500908_1041_AHCGNVBGX9	15	1	1	1	1	1	1	1	0	1
181227_NB500911_1042_AHCGTLBGX9	15	1	1	1	1	1	1	1	0	1
181227_NB551141_0540_AHCGTKBGX9	15	1	1	1	1	1	1	1	0	1
181228_NB500908_1042_AHCGNYBGX9	15	1	1	1	1	1	1	1	0	1
181228_NB500911_1043_AHFMNNBGX9	15	1	1	1	1	1	1	1	0	1
181228_NB551141_0541_AHCGMTBGX9	15	1	1	1	1	1	1	1	0	1
190101_NB500908_1043_AHFMM3BGX9	15	1	1	1	1	1	1	1	0	1
190101_NB551141_0542_AHFMFNBGX9	15	1	1	1	1	1	1	1	0	1
190102_NB500908_1044_AHFMNYBGX9	15	1	1	1	1	1	1	1	0	1
190102_NB551141_0543_AHFMGLBGX9	15	1	1	1	1	1	1	1	0	1
190103_NB500908_1045_AHFMHFBGX9	15	1	1	1	1	1	1	1	0	1
190103_NB500911_1046_AHFMT5BGX9	15	1	1	1	1	1	1	1	0	1
190103_NB551141_0544_AHFMFJBGX9	15	1	1	1	1	1	1	1	0	1
190103_NB551141_0545_AHFMK3BGX9	15	1	1	1	1	1	1	1	0	1
190104_NB500908_1046_AHFMGNBGX9	15	1	1	1	1	1	1	1	0	1
190104_NB500911_1047_AHFMGFBGX9	15	1	1	1	1	1	1	1	0	1
190107_NB500908_1047_AHFNF2BGX9	15	1	1	1	1	1	1	1	0	1
190107_NB500911_1048_AHFNF5BGX9	15	1	1	1	1	1	1	1	0	1
190107_NB551141_0547_AHFNF3BGX9	15	1	1	1	1	1	1	1	0	1
190108_NB500911_1049_AHFMMFBGX9	15	1	1	1	1	1	1	1	0	1
190108_NB551141_0548_AHFMKCBGX9	15	1	1	1	1	1	1	1	0	1
190109_NB500908_1049_AHFMKFBGX9	15	1	1	1	1	1	1	1	0	1
190109_NB500911_1050_AHFNCTBGX9	15	1	1	1	1	1	1	1	0	1
190109_NB551141_0549_AHFNFJBGX9	15	1	1	1	1	1	1	1	0	1
190109_NB551141_0550_AHFNFHBGX9	15	1	1	1	1	1	1	1	0	1
190110_NB500908_1050_AHFMMGBGX9	15	1	1	1	1	1	1	1	0	1
190110_NB500911_1052_AHFMKGBGX9	15	1	1	1	1	1	1	1	0	1
190110_NB551141_0551_AHFMH7BGX9	15	1	1	1	1	1	1	1	0	1
190110_NB551141_0552_AHFMT3BGX9	15	1	1	1	1	1	1	1	0	1
190111_NB500908_1051_AHFMGGBGX9	15	1	1	1	1	1	1	1	0	1
190111_NB500911_1053_AHFMCKBGX9	15	1	1	1	1	1	1	1	0	1
190114_NB500908_1052_AHFMNMBGX9	15	1	1	1	1	1	1	1	0	1
190114_NB500908_1053_AHFMH2BGX9	15	1	1	1	1	1	1	1	0	1
190114_NB551141_0554_AHFMFTBGX9	15	1	1	1	1	1	1	1	0	1
190114_NB551141_0555_AHFMYGBGX9	15	1	1	1	1	1	1	1	0	1
190115_NB500908_1054_AHFMFVBGX9	15	1	1	1	1	1	1	1	0	1
190115_NB551141_0556_AHFMKMBGX9	15	1	1	1	1	1	1	1	0	1
190116_NB500908_1055_AHFNCCBGX9	15	1	1	1	1	1	1	1	0	1
190116_NB500908_1056_AHFMMLBGX9	15	1	1	1	1	1	1	1	0	1
190116_NB551141_0557_AHFMNLBGX9	15	1	1	1	1	1	1	1	0	1
190116_NB551141_0558_AHFNCVBGX9	15	1	1	1	1	1	1	1	0	1
190117_NB500908_1057_AHFMMNBGX9	15	1	1	1	1	1	1	1	0	1
190117_NB500911_1056_AHFNCFBGX9	15	1	1	1	1	1	1	1	0	1
190117_NB551141_0559_AHFMMWBGX9	15	1	1	1	1	1	1	1	0	1
190117_NB551141_0560_AHFMN2BGX9	15	1	1	1	1	1	1	1	0	1
190118_NB500908_1058_AHFMT2BGX9	15	1	1	1	1	1	1	1	0	1
190118_NB500911_1057_AHFMMVBGX9	15	1	1	1	1	1	1	1	0	1
190118_NB551141_0561_AHFNFCBGX9	15	1	1	1	1	1	1	1	0	1
190119_NB500908_1059_AHFNCWBGX9	15	1	1	1	1	1	1	1	0	1
190119_NB551141_0562_AHFMGTBGX9	15	1	1	1	1	1	1	1	0	1
190121_NB500908_1060_AHFMJMBGX9	15	1	1	1	1	1	1	1	0	1
190121_NB500911_1059_AHFMGMBGX9	15	1	1	1	1	1	1	1	0	1
190121_NB551141_0563_AHFMFMBGX9	15	1	1	1	1	1	1	1	0	1
190122_NB551141_0564_AHFMGCBGX9	15	1	1	1	1	1	1	1	0	1
190123_NB500908_1061_AHFMNWBGX9	15	1	1	1	1	1	1	1	0	1
190123_NB500911_1060_AHFNFGBGX9	16	1	1	1	1	1	1	1	0	1
190123_NB551141_0565_AHFMMYBGX9	15	1	1	1	1	1	1	1	0	1
190124_NB500908_1062_AHFMKKBGX9	15	1	1	1	1	1	1	1	0	1
190124_NB500911_1061_AHFMMTBGX9	15	1	1	1	1	1	1	1	0	1
190124_NB551141_0566_AHFNCKBGX9	15	1	1	1	1	1	1	1	0	1
190124_NB551141_0567_AHFMYLBGX9	15	1	1	1	1	1	1	1	0	1
190125_NB500908_1063_AHFMKJBGX9	15	1	1	1	1	1	1	1	0	1
190125_NB500911_1062_AHFMMMBGX9	15	1	1	1	1	1	1	1	0	1
190126_NB500908_1064_AHFNCHBGX9	15	1	1	1	1	1	1	1	0	1
190126_NB500911_1063_AHFMM7BGX9	15	1	1	1	1	1	1	1	0	1
190128_NB500911_1064_AHFNF7BGX9	15	1	1	1	1	1	1	1	0	1
190128_NB551141_0569_AHFMN3BGX9	15	1	1	1	1	1	1	1	0	1
190129_NB500908_1065_AHFMLYBGX9	15	1	1	1	1	1	1	1	0	1
190129_NB500911_1065_AHFMNTBGX9	15	1	1	1	1	1	1	1	0	1
190129_NB551141_0570_AHFNFFBGX9	15	1	1	1	1	1	1	1	0	1
190130_NB500908_1066_AHFMKLBGX9	15	1	1	1	1	1	1	1	0	1
190130_NB500908_1066_AHFMKLBGX9_1	15	1	1	1	1	1	1	1	0	1
190130_NB500911_1066_AHFMNVBGX9	15	1	1	1	1	1	1	1	0	1
190130_NB551141_0571_AHFMGKBGX9	15	1	1	1	1	1	1	1	0	1
190131_NB500908_1067_AHFMMCBGX9	15	1	1	1	1	1	1	1	0	1
190131_NB500911_1067_AHFMKHBGX9	15	1	1	1	1	1	1	1	0	1
190131_NB551141_0572_AHFMFKBGX9	15	1	1	1	1	1	1	1	0	1
190201_NB500911_1068_AHKKLVBGX9	15	1	1	1	1	1	1	1	0	1
190201_NB551141_0573_AHKKKWBGX9	15	1	1	1	1	1	1	1	0	1
190205_NB500911_1069_AHFMFLBGX9	15	1	1	1	1	1	1	1	0	1
190205_NB551141_0574_AHKKY5BGX9	15	1	1	1	1	1	1	1	0	1
190208_NB500911_1070_AHKL2MBGX9	15	1	1	1	1	1	1	1	0	1
190208_NB551141_0575_AHKVWKBGX9	15	1	1	1	1	1	1	1	0	1
190209_NB500908_1069_AHKFMGBGX9	15	1	1	1	1	1	1	1	0	1
190209_NB551141_0576_AHKNY3BGX9	15	1	1	1	1	1	1	1	0	1
190211_NB500908_1070_AHKVFWBGX9	15	1	1	1	1	1	1	1	0	1
190211_NB500911_1071_AHKKNLBGX9	15	1	1	1	1	1	1	1	0	1
190211_NB551141_0577_AHKVGCBGX9	15	1	1	1	1	1	1	1	0	1
190212_NB500908_1071_AHKKMYBGX9	15	1	1	1	1	1	1	1	0	1
190212_NB500911_1072_AHKKNTBGX9	15	1	1	1	1	1	1	1	0	1
190212_NB551141_0578_AHKWKHBGX9	15	1	1	1	1	1	1	1	0	1
190213_NB500908_1072_AHKVK7BGX9	15	1	1	1	1	1	1	1	0	1
190213_NB500911_1073_AHKL7WBGX9	15	1	1	1	1	1	1	1	0	1
190213_NB551141_0579_AHKKY3BGX9	15	1	1	1	1	1	1	1	0	1
190214_NB500908_1073_AHKW7YBGX9	15	1	1	1	1	1	1	1	0	1
190214_NB500911_1074_AHKKMFBGX9	15	1	1	1	1	1	1	1	0	1
190214_NB551141_0580_AHKNWJBGX9	15	1	1	1	1	1	1	1	0	1
190215_NB500908_1074_AHKKNYBGX9	15	1	1	1	1	1	1	1	0	1
190215_NB551141_0581_AHKT75BGX9	15	1	1	1	1	1	1	1	0	1
190216_NB500908_1075_AHKVJYBGX9	15	1	1	1	1	1	1	1	0	1
190216_NB551141_0582_AHKL2HBGX9	15	1	1	1	1	1	1	1	0	1
190218_NB500911_1076_AHKW7TBGX9	15	1	1	1	1	1	1	1	0	1
190218_NB551141_0583_AHKWLMBGX9	15	1	1	1	1	1	1	1	0	1
190219_NB500908_1076_AHKNWYBGX9	15	1	1	1	1	1	1	1	0	1
190219_NB500911_1077_AHKNWWBGX9	15	1	1	1	1	1	1	1	0	1
190219_NB551141_0584_AHKKN5BGX9	15	1	1	1	1	1	1	1	0	1
190220_NB500908_1077_AHKW55BGX9	15	1	1	1	1	1	1	1	0	1
190220_NB500911_1078_AHKFNLBGX9	15	1	1	1	1	1	1	1	0	1
190220_NB500911_1079_AHKKGNBGX9	15	1	1	1	1	1	1	1	0	1
190221_NB500908_1078_AHKT25BGX9	15	1	1	1	1	1	1	1	0	1
190221_NB500908_1079_AHKYJ2BGX9	15	1	1	1	1	1	1	1	0	1
190221_NB500911_1080_AHKTJMBGX9	15	1	1	1	1	1	1	1	0	1
190221_NB500911_1081_AHKKMWBGX9	15	1	1	1	1	1	1	1	0	1
190221_NB500911_1081_AHKKMWBGX9_1	15	1	1	1	1	1	1	1	0	1
190222_NB500908_1080_AHKVK2BGX9	15	1	1	1	1	1	1	1	0	1
190222_NB500908_1081_AHKWKFBGX9	15	1	1	1	1	1	1	1	0	1
190222_NB500911_1082_AHKKTMBGX9	15	1	1	1	1	1	1	1	0	1
190222_NB500911_1083_AHKKT2BGX9	15	1	1	1	1	1	1	1	0	1
190222_NB551141_0586_AHKYCFBGX9	15	1	1	1	1	1	1	1	0	1
190223_NB500908_1082_AHKYJVBGX9	15	1	1	1	1	1	1	1	0	1
190223_NB500911_1084_AHKKN3BGX9	15	1	1	1	1	1	1	1	0	1
190223_NB551141_0587_AHKVK5BGX9	15	1	1	1	1	1	1	1	0	1
190223_NB551141_0588_AHKWV5BGX9	15	1	1	1	1	1	1	1	0	1
190225_NB500908_1083_AHKFJCBGX9	15	1	1	1	1	1	1	1	0	1
190225_NB500911_1085_AHKFNKBGX9	15	1	1	1	1	1	1	1	0	1
190225_NB551141_0589_AHKWLWBGX9	15	1	1	1	1	1	1	1	0	1
190226_NB500908_1084_AHKKNJBGX9	15	1	1	1	1	1	1	1	0	1
190226_NB500911_1086_AHKKNHBGX9	15	1	1	1	1	1	1	1	0	1
190226_NB551141_0590_AHV7KMBGX9	15	1	1	1	1	1	1	1	0	1
190227_NB500911_1087_AHVG2FBGX9	15	1	1	1	1	1	1	1	0	1
190227_NB551141_0591_AHKWV3BGX9	15	1	1	1	1	1	1	1	0	1
190227_NB551141_0592_AHVG52BGX9	15	1	1	1	1	1	1	1	0	1
190301_NB551141_0593_AHV7LMBGX9	15	1	1	1	1	1	1	1	0	1
190304_NB500911_1088_AHV32TBGX9	15	1	1	1	1	1	1	1	0	1
190304_NB551141_0594_AHV3JLBGX9	15	1	1	1	1	1	1	1	0	1
190305_NB500908_1085_AHV3KWBGX9	15	1	1	1	1	1	1	1	0	1
190305_NB500911_1089_AHV5CTBGX9	15	1	1	1	1	1	1	1	0	1
190305_NB551141_0595_AHV3KGBGX9	15	1	1	1	1	1	1	1	0	1
190306_NB500908_1086_AHV32VBGX9	15	1	1	1	1	1	1	1	0	1
190306_NB500911_1090_AHV3M5BGX9	15	1	1	1	1	1	1	1	0	1
190306_NB551141_0596_AHV3FNBGX9	15	1	1	1	1	1	1	1	0	1
190306_NB551141_0597_AHV3KNBGX9	15	1	1	1	1	1	1	1	0	1
190307_NB500908_1087_AHV2JVBGX9	15	1	1	1	1	1	1	1	0	1
190307_NB500911_1091_AHV2K7BGX9	15	1	1	1	1	1	1	1	0	1
190307_NB551141_0598_AHV7CKBGX9	15	1	1	1	1	1	1	1	0	1
190308_NB500908_1088_AHV5N7BGX9	15	1	1	1	1	1	1	1	0	1
190308_NB551141_0599_AHV5HKBGX9	15	1	1	1	1	1	1	1	0	1
190309_NB500908_1089_AHV3HYBGX9	15	1	1	1	1	1	1	1	0	1
190309_NB500908_1090_AHV755BGX9	15	1	1	1	1	1	1	1	0	1
190309_NB551141_0600_AHV5KLBGX9	15	1	1	1	1	1	1	1	0	1
190309_NB551141_0601_AHTYF2BGX9	15	1	1	1	1	1	1	1	0	1
190311_NB500908_1091_AHKKH5BGX9	15	1	1	1	1	1	1	1	0	1
190311_NB551141_0602_AHKNW5BGX9	15	1	1	1	1	1	1	1	0	1
190312_NB500908_1092_AHKKYWBGX9	15	1	1	1	1	1	1	1	0	1
190312_NB500911_1094_AHKKMJBGX9	15	1	1	1	1	1	1	1	0	1
190312_NB551141_0603_AHKNYYBGX9	15	1	1	1	1	1	1	1	0	1
190313_NB500908_1093_AHKV3KBGX9	15	1	1	1	1	1	1	1	0	1
190313_NB500911_1095_AHKTTFBGX9	15	1	1	1	1	1	1	1	0	1
190313_NB551141_0604_AHKKKKBGX9	15	1	1	1	1	1	1	1	0	1
190314_NB500908_1094_AHKYC7BGX9	15	0	0	0	0	0	0	0	0	0
190314_NB500908_1094_AHKYC7BGX9_1	15	1	0	1	0	1	1	0	0	0
190314_NB500908_1094_AHKYC7BGX9_2	15	1	1	1	1	1	1	1	0	1
190314_NB500908_1095_AHKT5YBGX9	15	1	1	1	1	1	1	1	0	1
190314_NB500911_1096_AHKJMFBGX9	15	1	1	1	1	1	1	1	0	1
190315_NB500908_1096_AHKJMKBGX9	15	1	1	1	1	1	1	1	0	1
190315_NB500908_1097_AHKJKVBGX9	15	1	1	1	1	1	1	1	0	1
190315_NB500911_1097_AHKKKNBGX9	15	1	1	1	1	1	1	1	0	1
190315_NB551141_0605_AHKJN5BGX9	15	1	1	1	1	1	1	1	0	1
190318_NB500908_1098_AHKJMJBGX9	15	1	1	1	1	1	1	1	0	1
190318_NB500911_1098_AHKJMTBGX9	15	1	1	1	1	1	1	1	0	1
190319_NB500908_1099_AHKT33BGX9	15	1	1	1	1	1	1	1	0	1
190319_NB500911_1099_AHV52HBGX9	15	1	1	1	1	1	1	1	0	1
190319_NB551141_0607_AHV33HBGX9	15	1	1	1	1	1	1	1	0	1
190320_NB500908_1100_AHV3KLBGX9	15	1	1	1	1	1	1	1	0	1
190320_NB500911_1100_AHV2FVBGX9	15	1	1	1	1	1	1	1	0	1
190320_NB500911_1100_AHV2FVBGX9_1	15	1	1	1	1	1	1	1	0	1
190320_NB551141_0608_AHV7L5BGX9	15	1	1	1	1	1	1	1	0	1
190320_NB551141_0609_AHV7JYBGX9	15	1	1	1	1	1	1	1	0	1
190321_NB500908_1101_AHV5HHBGX9	15	1	1	1	1	1	1	1	0	1
190321_NB500911_1101_AHV332BGX9	15	1	1	1	1	1	1	1	0	1
190321_NB551141_0610_AHVG2GBGX9	15	1	1	1	1	1	1	1	0	1
190321_NB551141_0611_AHVGHJBGX9	15	1	1	1	1	1	1	1	0	1
190322_NB500911_1102_AHV3FTBGX9	15	1	1	1	1	1	1	1	0	1
190322_NB551141_0612_AHV3T5BGX9	15	1	1	1	1	1	1	1	0	1
190323_NB551141_0613_AHV5JYBGX9	15	1	1	1	1	1	1	1	0	1
190323_NB551141_0613_AHV5JYBGX9_test1	15	1	0	1	0	1	1	0	0	0
190323_NB551141_0613_AHV5JYBGX9_test2	15	1	0	1	0	1	1	0	0	0
190323_NB551141_0613_AHV5JYBGX9_test3	15	1	1	1	1	1	1	1	0	1
190325_NB500911_1103_AHV35KBGX9	15	1	1	1	1	1	1	1	0	1
190325_NB551141_0614_AHV5K2BGX9	15	1	1	1	1	1	1	1	0	1
190326_NB500908_1104_AHV55WBGX9	15	1	1	1	1	1	1	1	0	1
190326_NB500911_1104_AHV5CCBGX9	15	1	1	1	1	1	1	1	0	1
190326_NB551141_0615_AHV35TBGX9	15	1	1	1	1	1	1	1	0	1
190327_NB500908_1105_AHV5HGBGX9	15	1	1	1	1	1	1	1	0	1
190327_NB500911_1105_AHV3T3BGX9	15	1	1	1	1	1	1	1	0	1
190327_NB551141_0616_AHV3WHBGX9	15	1	1	1	1	1	1	1	0	1
190327_NB551141_0617_AHV3LWBGX9	15	1	1	1	1	1	1	1	0	1
190328_NB500908_1106_AHV5HJBGX9	15	1	1	1	1	1	1	1	0	1
190328_NB551141_0618_AHV35MBGX9	15	1	1	1	1	1	1	1	0	1
190329_NB500908_1107_AHV333BGX9	15	0	0	0	0	0	0	0	0	0
190329_NB500908_1107_AHV333BGX9_1	15	1	1	1	1	1	1	1	0	1
190329_NB551141_0619_AHV2KCBGX9	15	0	0	0	0	0	0	0	0	0
190329_NB551141_0619_AHV2KCBGX9_1	15	1	1	1	1	1	1	1	0	1
190329_NB551141_0619_AHV2KCBGX9_2	15	1	1	1	1	1	1	1	0	1
190401_NB500908_1108_AHV7LVBGX9	15	1	1	1	1	1	1	1	0	1
190401_NB551141_0620_AHV35NBGX9	15	1	1	1	1	1	1	1	0	1
190402_NB500908_1109_AHV5H5BGX9	15	1	1	1	1	1	1	1	0	1
190402_NB500911_1108_AHVGGWBGX9	15	1	1	1	1	1	1	1	0	1
190402_NB551141_0621_AHVHCGBGX9	15	1	1	1	1	1	1	1	0	1
190403_NB500908_1110_AHV7M7BGX9	15	1	1	1	1	1	1	1	0	1
190403_NB500911_1109_AHV3LNBGX9	15	1	1	1	1	1	1	1	0	1
190403_NB551141_0622_AHV7CHBGX9	15	1	1	1	1	1	1	1	0	1
190403_NB551141_0623_AHVGFGBGX9	15	1	1	1	1	1	1	1	0	1
190405_NB500911_1110_AHVG73BGX9	15	1	1	1	1	1	1	1	0	1
190405_NB551141_0624_AHV5MJBGX9	15	1	1	1	1	1	1	1	0	1
190408_NB500908_1111_AHV72JBGX9	15	1	1	1	1	1	1	1	0	1
190408_NB500911_1111_AHV5VLBGX9	15	1	1	1	1	1	1	1	0	1
190408_NB551141_0625_AHV7C5BGX9	15	1	0	0	0	0	0	0	0	0
190408_NB551141_0626_AHV7C5BGX9	15	1	1	1	1	1	1	1	0	1
190409_NB500908_1112_AHVG2HBGX9	15	1	1	1	1	1	1	1	0	1
190409_NB500911_1112_AHVG2CBGX9	15	1	1	1	1	1	1	1	0	1
190409_NB551141_0627_AHVHC2BGX9	15	1	1	1	1	1	1	1	0	1
190410_NB500908_1113_AHV233BGX9	15	1	1	1	1	1	1	1	0	1
190410_NB500911_1113_AHV2TLBGX9	15	1	1	1	1	1	1	1	0	1
190410_NB551141_0628_AHVGGNBGX9	15	1	1	1	1	1	1	1	0	1
190410_NB551141_0629_AHTYT3BGX9	15	1	1	1	1	1	1	1	0	1
190411_NB500911_1114_AHVFYGBGX9	15	1	1	1	1	1	1	1	0	1
190411_NB551141_0630_AHV57GBGX9	15	1	1	1	1	1	1	1	0	1
190411_NB551141_0631_AHV7GCBGX9	15	1	1	1	1	1	1	1	0	1
190413_NB500911_1115_AHV7KGBGX9	15	1	1	1	1	1	1	1	0	1
190413_NB551141_0632_AHV7G5BGX9	15	1	1	1	1	1	1	1	0	1
190415_NB500911_1116_AHV3JWBGX9	15	1	1	1	1	1	1	1	0	1
190415_NB551141_0633_AHTYVWBGX9	15	1	1	1	1	1	1	1	0	1
190416_NB500908_1115_AHV732BGX9	15	1	1	1	1	1	1	1	0	1
190416_NB500911_1117_AHV3JFBGX9	15	1	1	1	1	1	1	1	0	1
190416_NB551141_0634_AHV3JJBGX9	15	1	1	1	1	1	1	1	0	1
190417_NB500908_1116_AHV2JJBGX9	15	1	1	1	1	1	1	1	0	1
190417_NB500911_1118_AHV53FBGX9	15	1	1	1	1	1	1	1	0	1
190417_NB551141_0635_AHV5KVBGX9	15	1	1	1	1	1	1	1	0	1
190417_NB551141_0636_AHV7K3BGX9	15	1	1	1	1	1	1	1	0	1
190418_NB500908_1117_AHTYTKBGX9	15	1	1	1	1	1	1	1	0	1
190418_NB500911_1119_AHV2HMBGX9	15	1	1	1	1	1	1	1	0	1
190418_NB551141_0637_AHV5KTBGX9	15	1	1	1	1	1	1	1	0	1
190418_NB551141_0638_AHV73FBGX9	15	1	1	1	1	1	1	1	0	1
190419_NB500908_1118_AHV3MVBGX9	15	1	1	1	1	1	1	1	0	1
190419_NB551141_0639_AHV2JMBGX9	15	1	1	1	1	1	1	1	0	1
190422_NB500908_1119_AHV2TKBGX9	15	1	1	1	1	1	1	1	0	1
190422_NB551141_0640_AHV7H5BGX9	15	1	1	1	1	1	1	1	0	1
190423_NB500908_1120_AHV2N5BGX9	15	1	1	1	1	1	1	1	0	1
190423_NB500911_1122_AHV5K5BGX9	15	1	1	1	1	1	1	1	0	1
190423_NB551141_0641_AHV53YBGX9	15	1	1	1	1	1	1	1	0	1
190424_NB500908_1121_AHVHWGBGX9	15	1	1	1	1	1	1	1	0	1
190424_NB500911_1123_AHVGF2BGX9	15	1	1	1	1	1	1	1	0	1
190424_NB551141_0642_AHV2MYBGX9	15	1	1	1	1	1	1	1	0	1
190424_NB551141_0643_AHV2NMBGX9	15	1	1	1	1	1	1	1	0	1
190425_NB500908_1122_AHV3W7BGX9	15	1	1	1	1	1	1	1	0	1
190425_NB500911_1124_AHV3FWBGX9	15	1	1	1	1	1	1	1	0	1
190425_NB551141_0644_AHV3HTBGX9	15	1	1	1	1	1	1	1	0	1
190426_NB500908_1123_AHV72WBGX9	15	1	1	1	1	1	1	1	0	1
190426_NB500911_1125_AHTYTLBGX9	15	1	1	1	1	1	1	1	0	1
190429_NB500908_1124_AHV3VMBGX9	15	1	1	1	1	1	1	1	0	1
190429_NB500911_1126_AHV3JVBGX9	15	1	1	1	1	1	1	1	0	1
190430_NB500908_1125_AHV5HTBGX9	15	1	1	1	1	1	1	1	0	1
190430_NB500911_1127_AHVGFYBGX9	15	1	1	1	1	1	1	1	0	1
190501_NB500908_1126_AHV7MHBGX9	15	1	1	1	1	1	1	1	0	1
190501_NB500911_1128_AHTYN7BGX9	15	1	1	1	1	1	1	1	0	1
190502_NB500908_1127_AHVFYWBGX9	15	1	1	1	1	1	1	1	0	1
190502_NB500911_1129_AHV7FLBGX9	15	1	1	1	1	1	1	1	0	1
190502_NB551141_0647_AHV3GCBGX9	15	1	1	1	1	1	1	1	0	1
190503_NB500908_1128_AHV772BGX9	15	1	1	1	1	1	1	1	0	1
190503_NB551141_0648_AHV3W2BGX9	15	1	1	1	1	1	1	1	0	1
190503_NB551141_0649_AHV5JWBGX9	15	1	1	1	1	1	1	1	0	1
190504_NB500908_1129_AHV37MBGX9	15	1	1	1	1	1	1	1	0	1
190504_NB551141_0650_AHTYM3BGX9	15	1	1	1	1	1	1	1	0	1
190506_NB500908_1130_AHTYYGBGX9	15	1	1	1	1	1	1	1	0	1
190506_NB551141_0651_AHV57TBGX9	15	1	1	1	1	1	1	1	0	1
190507_NB500908_1131_AHV77YBGX9	15	1	1	1	1	1	1	1	0	1
190507_NB500911_1131_AHV2TTBGX9	15	1	1	1	1	1	1	1	0	1
190507_NB551141_0652_AHV2LVBGX9	15	1	1	1	1	1	1	1	0	1
190508_NB500908_1132_AHVFYNBGX9	15	1	1	1	1	1	1	1	0	1
190508_NB500911_1132_AHV57JBGX9	15	1	1	1	1	1	1	1	0	1
190508_NB551141_0653_AHVGCVBGX9	15	1	1	1	1	1	1	1	0	1
190508_NB551141_0654_AHTYN5BGX9	15	1	1	1	1	1	1	1	0	1
190509_NB500908_1133_AHV72CBGX9	15	1	1	1	1	1	1	1	0	1
190509_NB500911_1133_AHV3JHBGX9	15	1	1	1	1	1	1	1	0	1
190509_NB551141_0655_AHV55HBGX9	15	1	1	1	1	1	1	1	0	1
190509_NB551141_0656_AHV5V7BGX9	15	1	1	1	1	1	1	1	0	1
190510_NB500908_1134_AHTYM2BGX9	15	1	1	1	1	1	1	1	0	1
190510_NB500911_1134_AHV52KBGX9	15	1	1	1	1	1	1	1	0	1
190510_NB551141_0657_AHV72NBGX9	15	1	1	1	1	1	1	1	0	1
190511_NB500908_1135_AHV2NVBGX9	15	1	1	1	1	1	1	1	0	1
190511_NB500911_1135_AHV37WBGX9	15	1	1	1	1	1	1	1	0	1
190513_NB500908_1136_AHV7MLBGX9	15	1	1	1	1	1	1	1	0	1
190513_NB500911_1136_AHV57VBGX9	15	1	1	1	1	1	1	1	0	1
190514_NB500908_1137_AHV777BGX9	15	1	1	1	1	1	1	1	0	1
190514_NB500911_1137_AHV75KBGX9	15	1	1	1	1	1	1	1	0	1
190514_NB551141_0660_AHV5FNBGX9	15	1	1	1	1	1	1	1	0	1
190515_NB500908_1138_AHV3W5BGX9	15	1	1	1	1	1	1	1	0	1
190515_NB500911_1138_AHV3H3BGX9	15	1	1	1	1	1	1	1	0	1
190515_NB551141_0661_AHV5FVBGX9	15	1	1	1	1	1	1	1	0	1
190515_NB551141_0662_AHV7F2BGX9	15	1	1	1	1	1	1	1	0	1
190516_NB500908_1139_AHV5FHBGX9	15	1	1	1	1	1	1	1	0	1
190516_NB500911_1139_AHV5FJBGX9	15	1	1	1	1	1	1	1	0	1
190516_NB551141_0663_AHTYNHBGX9	15	1	1	1	1	1	1	1	0	1
190516_NB551141_0664_AHV75HBGX9	15	1	1	1	1	1	1	1	0	1
190517_NB500908_1140_AHV57YBGX9	15	1	1	1	1	1	1	1	0	1
190517_NB500911_1140_AHV5FFBGX9	15	1	1	1	1	1	1	1	0	1
190517_NB551141_0665_AHV55CBGX9	15	1	1	1	1	1	1	1	0	1
190517_NB551141_0666_AHV52JBGX9	15	1	1	1	1	1	1	1	0	1
190518_NB500911_1141_AHV57LBGX9	15	1	1	1	1	1	1	1	0	1
190520_NB500908_1142_AHV3GVBGX9	15	1	1	1	1	1	1	1	0	1
190520_NB551141_0668_AHV5F7BGX9	15	1	1	1	1	1	1	1	0	1
190521_NB500908_1143_AHTYTCBGX9	15	1	1	1	1	1	1	1	0	1
190521_NB500911_1143_AHV77CBGX9	15	1	1	1	1	1	1	1	0	1
190521_NB551141_0669_AHV775BGX9	15	1	1	1	1	1	1	1	0	1
190522_NB500908_1144_AHV75GBGX9	15	1	1	1	1	1	1	1	0	1
190522_NB500911_1144_AHV773BGX9	15	1	1	1	1	1	1	1	0	1
190522_NB551141_0670_AHV355BGX9	15	1	1	1	1	1	1	1	0	1
190522_NB551141_0671_AHV53WBGX9	15	1	1	1	1	1	1	1	0	1
190523_NB500908_1145_AHV5FGBGX9	15	1	1	1	1	1	1	1	0	1
190523_NB500911_1145_AHV5FMBGX9	15	1	1	1	1	1	1	1	0	1
190523_NB551141_0672_AHV555BGX9	15	1	1	1	1	1	1	1	0	1
190523_NB551141_0673_AHV553BGX9	15	1	1	1	1	1	1	1	0	1
190524_NB500908_1146_AHTYWMBGX9	15	1	1	1	1	1	1	1	0	1
190524_NB551141_0674_AHTYJ2BGX9	15	1	1	1	1	1	1	1	0	1
190524_NB551141_0675_AHTYJLBGX9	15	1	1	1	1	1	1	1	0	1
190527_NB500908_1147_AHTYLFBGX9	15	1	1	1	1	1	1	1	0	1
190527_NB551141_0676_AHV27YBGX9	15	1	1	1	1	1	1	1	0	1
190528_NB500908_1148_AHV27TBGX9	15	1	1	1	1	1	1	1	0	1
190528_NB500911_1148_AHV2CMBGX9	15	1	1	1	1	1	1	1	0	1
190528_NB551141_0677_AHV25YBGX9	15	1	1	1	1	1	1	1	0	1
190529_NB500908_1149_AHV3VYBGX9	15	1	1	1	1	1	1	1	0	1
190529_NB500911_1149_AHV3MCBGX9	15	1	1	1	1	1	1	1	0	1
190529_NB551141_0678_AHTYWVBGX9	15	1	1	1	1	1	1	1	0	1
190529_NB551141_0679_AHV27NBGX9	15	1	1	1	1	1	1	1	0	1
190530_NB500908_1150_AHMFK3BGXB	15	1	1	1	1	1	1	1	0	1
190530_NB500911_1150_AHMFT3BGXB	15	1	1	1	1	1	1	1	0	1
190530_NB551141_0680_AHV3NLBGX9	15	1	1	1	1	1	1	1	0	1
190530_NB551141_0681_AHMFK2BGXB	15	1	1	1	1	1	1	1	0	1
190531_NB500908_1151_AHMFGMBGXB	15	1	1	1	1	1	1	1	0	1
190531_NB551141_0682_AHV3MFBGX9	15	1	1	1	1	1	1	1	0	1
190531_NB551141_0683_AHMFTLBGXB	15	1	1	1	1	1	1	1	0	1
190603_NB500908_1152_AHMFGNBGXB	15	1	1	1	1	1	1	1	0	1
190603_NB551141_0684_AHMFJYBGXB	15	1	1	1	1	1	1	1	0	1
190604_NB500908_1153_AHMFT2BGXB	15	1	1	1	1	1	1	1	0	1
190604_NB551141_0685_AHMFKCBGXB	15	1	1	1	1	1	1	1	0	1
190605_NB500908_1154_AHMFGLBGXB	15	1	1	1	1	1	1	1	0	1
190605_NB500908_1155_AHJL3WBGXB	15	1	1	1	1	1	1	1	0	1
190605_NB551141_0686_AHMFTFBGXB	15	1	1	1	1	1	1	1	0	1
190605_NB551141_0687_AHMFNNBGXB	15	1	1	1	1	1	1	1	0	1
190606_NB500908_1156_AHJJWVBGXB	15	1	0	1	0	1	1	0	0	0
190606_NB551141_0688_AHJJJ7BGXB	15	1	0	1	0	1	1	0	0	0
