RunID	Sequenced	OnDell	Converted	InCloud	Downloaded	JobSubmitted	JobCompleted	BackToDell	Error	Closed
150812_M02559_0124_000000000-AFNT3	1	1	1	1	1	1	1	0	0	1
150820_M02559_0126_000000000-AFNNA	1	1	1	1	1	1	1	0	0	1
150825_M02559_0127_000000000-AGAYE	0	0	0	1	1	1	1	0	0	1
150901_M02559_0128_000000000-AFNTE	0	0	0	1	1	1	1	0	0	1
150902_M02559_0129_000000000-AGAUV	0	0	0	1	1	1	1	0	0	1
150904_M02559_0130_000000000-AH6BY	0	0	0	1	1	1	1	0	0	1
150907_M02559_0131_000000000-AH6BW	0	0	0	1	1	1	1	0	0	1
150910_M02559_0132_000000000-AFNND	0	0	0	1	1	1	1	0	0	1
150914_M02559_0133_000000000-AH5U3	0	0	0	1	1	1	1	0	0	1
150915_M02559_0134_000000000-AHBVF	0	0	0	1	1	1	1	0	0	1
150921_M02559_0135_000000000-AHE32	0	0	0	1	1	1	1	0	0	1
150922_M02559_0136_000000000-AGMAU	0	0	0	1	1	1	1	0	0	1
150923_M02559_0137_000000000-AJ4EY	0	0	0	1	1	1	1	0	0	1
151006_M02559_0138_000000000-AHNGU	0	0	0	1	1	1	1	0	0	1
151008_M02559_0139_000000000-AH689	0	0	0	1	1	1	1	0	0	1
151012_M02559_0140_000000000-AHNDG	0	0	0	1	1	1	1	0	0	1
151020_M02559_0141_000000000-AHNGJ	0	0	0	1	1	1	1	0	0	1
151026_M02559_0142_000000000-AHNH1	0	0	0	1	1	1	1	0	0	1
151103_M02559_0143_000000000-AHNGA	0	0	0	1	1	1	1	0	0	1
151105_M02559_0144_000000000-AHNGP	0	0	0	1	1	1	1	0	0	1
151106_M02559_0145_000000000-AH6CH	0	0	0	1	1	1	1	0	0	1
151117_M02559_0146_000000000-AJ3GK	0	0	0	1	1	1	1	0	0	1
151127_M02559_0147_000000000-AJYGF	0	0	0	1	1	1	1	0	0	1
151208_M02559_0148_000000000-AJG9E	0	0	0	1	1	1	1	0	0	1
151211_M02559_0149_000000000-AJY22	0	0	0	1	1	1	1	0	0	1
151214_M02559_0150_000000000-AJFR5	0	0	0	1	1	1	1	0	0	1
151224_M02559_0151_000000000-AJG3K	0	0	0	1	1	1	1	0	0	1
151225_M02559_0152_000000000-D0RNM	0	0	0	1	1	1	1	0	0	1
151228_M02559_0153_000000000-D0RNM	0	0	0	1	1	1	1	0	0	1
151230_M02559_0154_000000000-AJEWP	0	0	0	1	1	1	1	0	0	1
151231_M02559_0155_000000000-AJYGA	0	0	0	1	1	1	1	0	0	1
160112_M02559_0156_000000000-AJJTJ	0	0	0	1	1	1	1	0	0	1
160126_M02559_0157_000000000-AJY70	0	0	0	1	1	1	1	0	0	1
160130_M02559_0158_000000000-AL19E	0	0	0	1	1	1	1	0	0	1
160204_M02559_0159_000000000-AJEWY	0	0	0	1	1	1	1	0	0	1
160225_M02559_0160_000000000-AM2L4	0	0	0	1	1	1	1	0	0	1
160304_M02559_0161_000000000-G06B9	0	0	0	1	1	1	1	0	0	1
160315_M02559_0162_000000000-AJG72	0	0	0	1	1	1	1	0	0	1
160324_M02559_0163_000000000-AJYLN	0	0	0	1	1	1	1	0	0	1
160330_M02559_0164_000000000-D0TCN	0	0	0	1	1	1	1	0	0	1
160406_M02559_0165_000000000-AJYLD	0	0	0	1	1	1	1	0	0	1
160414_M02559_0166_000000000-D0TBF	0	0	0	1	1	1	1	0	0	1
160415_M02559_0167_000000000-AJ4NG	0	0	0	1	1	1	1	0	0	1
160419_M02559_0168_000000000-AJYLL	0	0	0	1	1	1	1	0	0	1
160420_M02559_0169_000000000-AJYLL	0	0	0	1	1	1	1	0	0	1
160420_M02559_0170_000000000-AJ4N8	0	0	0	1	1	1	1	0	0	1
160421_M02559_0171_000000000-AJEWL	0	0	0	1	1	1	1	0	0	1
160429_M02559_0172_000000000-AJNH4	0	0	0	1	1	1	1	0	0	1
160504_M02559_0173_000000000-AJYEY	0	0	0	1	1	1	1	0	0	1
160505_M02559_0174_000000000-AJ4NV	0	0	0	1	1	1	1	0	0	1
160511_M02559_0175_000000000-AJYFY	0	0	0	1	1	1	1	0	0	1
160512_M02559_0176_000000000-D20WA	0	0	0	1	1	1	1	0	0	1
160519_M02559_0177_000000000-AJYMB	0	0	0	1	1	1	1	0	0	1
160525_M02559_0178_000000000-AJYM8	0	0	0	1	1	1	1	0	0	1
160526_M02559_0179_000000000-AKK51	0	0	0	1	1	1	1	0	0	1
160528_M02559_0180_000000000-AMN2G	0	0	0	1	1	1	1	0	0	1
160530_M02559_0181_000000000-AJT2F	0	0	0	1	1	1	1	0	0	1
160603_M02559_0182_000000000-AKKP3	0	0	0	1	1	1	1	0	0	1
160606_M02559_0183_000000000-AMM5U	0	0	0	1	1	1	1	0	0	1
160607_M02559_0184_000000000-AKKNR	0	0	0	1	1	1	1	0	0	1
160618_M02559_0185_000000000-AMN3H	0	0	0	1	1	1	1	0	0	1
160619_M02559_0186_000000000-AMM6C	0	0	0	1	1	1	1	0	0	1
160621_M02559_0187_000000000-G063W	0	0	0	1	1	1	1	0	0	1
160624_M02559_0188_000000000-AMV0Y	0	0	0	1	1	1	1	0	0	1
160629_M02559_0189_000000000-AMV2K	0	0	0	1	1	1	1	0	0	1
160629_M02559_0190_000000000-AL0EA	0	0	0	1	1	1	1	0	0	1
160707_M02559_0191_000000000-AKK50	0	0	0	1	1	1	1	0	0	1
160712_M02559_0192_000000000-AMV1R	0	0	0	1	1	1	1	0	0	1
160727_M02559_0193_000000000-AL48M	0	0	0	1	1	1	1	0	0	1
160729_M02559_0194_000000000-AMVCV	0	0	0	1	1	1	1	0	0	1
160730_M02559_0195_000000000-ALTG5	0	0	0	1	1	1	1	0	0	1
160801_M02559_0196_000000000-AT12J	0	0	0	1	1	1	1	0	0	1
160804_M02559_0197_000000000-AU0RF	0	0	0	1	1	1	1	0	0	1
160810_M02559_0198_000000000-AN7FH	0	0	0	1	1	1	1	0	0	1
160811_M02559_0199_000000000-AULNB	0	0	0	1	1	1	1	0	0	1
160819_M02559_0200_000000000-AN79L	0	0	0	1	1	1	1	0	0	1
160823_M02559_0202_000000000-AN7MW	0	0	0	1	1	1	1	0	0	1
160824_M02559_0203_000000000-G105D	0	0	0	1	1	1	1	0	0	1
160902_M02559_0204_000000000-APH8Y	0	0	0	1	1	1	1	0	0	1
160905_M02559_0205_000000000-D0TBM	0	0	0	1	1	1	1	0	0	1
160909_M02559_0206_000000000-D0REP	0	0	0	1	1	1	1	0	0	1
160913_M02559_0207_000000000-ANKJY	0	0	0	1	1	1	1	0	0	1
160930_M02559_0208_000000000-AMV3A	0	0	0	1	1	1	1	0	0	1
161006_M02559_0209_000000000-AMV8G	0	0	0	1	1	1	1	0	0	1
161010_M02559_0210_000000000-AMV60	0	0	0	1	1	1	1	0	0	1
161020_M02559_0211_000000000-AN1HF	0	0	0	1	1	1	1	0	0	1
161021_M02559_0212_000000000-ALTWE	0	0	0	1	1	1	1	0	0	1
161024_M02559_0213_000000000-ATV7B	0	0	0	1	1	1	1	0	0	1
161102_M02559_0214_000000000-AU9UF	0	0	0	1	1	1	1	0	0	1
161103_M02559_0215_000000000-AU9UF	0	0	0	1	1	1	1	0	0	1
161103_M02559_0216_000000000-AU9UF	0	0	0	1	1	1	1	0	0	1
161108_M02559_0217_000000000-G10V9	0	0	0	1	1	1	1	0	0	1
161116_M02559_0218_000000000-ARR3Y	0	0	0	1	1	1	1	0	0	1
161124_M02559_0219_000000000-G10M5	0	0	0	1	1	1	1	0	0	1
161129_M02559_0220_000000000-AU9RA	0	0	0	1	1	1	1	0	0	1
161206_M02559_0221_000000000-APC2D	0	0	0	1	1	1	1	0	0	1
161214_M02559_0222_000000000-ANRC9	0	0	0	1	1	1	1	0	0	1
161216_M02559_0223_000000000-AUWJN	0	0	0	1	1	1	1	0	0	1
161221_M02559_0224_000000000-ATEFH	0	0	0	1	1	1	1	0	0	1
161230_M02559_0225_000000000-AUHR3	0	0	0	1	1	1	1	0	0	1
170103_M02559_0226_000000000-ATLFB	0	0	0	1	1	1	1	0	0	1
170110_M02559_0227_000000000-AP2EJ	0	0	0	1	1	1	1	0	0	1
170120_M02559_0228_000000000-ATRA7	0	0	0	1	1	1	1	0	0	1
170124_M02559_0229_000000000-AY3L7	0	0	0	1	1	1	1	0	0	1
170124_M02559_0230_000000000-AY3L7	0	0	0	1	1	1	1	0	0	1
170203_M02559_0231_000000000-AUL2G	0	0	0	1	1	1	1	0	0	1
170216_M02559_0232_000000000-AP2TH	0	0	0	1	1	1	1	0	0	1
170221_M02559_0233_000000000-AUKWG	1	1	1	1	1	1	1	0	0	1
170307_M02559_0234_000000000-AP2GG	1	1	1	1	1	1	1	0	0	1
170310_M02559_0235_000000000-G10LK	1	1	1	1	1	1	1	0	0	1
170314_M02559_0236_000000000-AVMB4	1	1	1	1	1	1	1	0	0	1
170321_M02559_0237_000000000-AYWY7	1	1	1	1	1	1	1	0	0	1
170322_M02559_0238_000000000-D0R9D	1	1	1	1	1	1	1	0	0	1
170324_M02559_0239_000000000-G10EF	1	1	1	1	1	1	1	0	0	1
170327_M02559_0240_000000000-D20Y8	1	1	1	1	1	1	1	0	0	1
170329_M02559_0241_000000000-B24Y2	1	1	1	1	1	1	1	0	0	1
170330_M02559_0242_000000000-AWRWN	1	1	1	1	1	1	1	0	0	1
170407_M02559_0243_000000000-B24Y5	1	1	1	1	1	1	1	0	0	1
170412_M02559_0244_000000000-D22AB	1	1	1	1	1	1	1	0	0	1
170414_M02559_0245_000000000-AYWY6	1	1	1	1	1	1	1	0	0	1
170417_M02559_0246_000000000-D0YKR	1	1	1	1	1	1	1	0	0	1
170419_M02559_0247_000000000-D23VE	1	1	1	1	1	1	1	0	0	1
170421_M02559_0248_000000000-D2F5C	1	1	1	1	1	1	1	0	0	1
170424_M02559_0249_000000000-D2F6G	1	1	1	1	1	1	1	0	0	1
170426_M02559_0250_000000000-D2E3L	1	1	1	1	1	1	1	0	0	1
170427_M02559_0251_000000000-APV47	1	1	1	1	1	1	1	0	0	1
170428_M02559_0252_000000000-D2DHE	1	1	1	1	1	1	1	0	0	1
170503_M02559_0253_000000000-D0YGT	1	1	1	1	1	1	1	0	0	1
170505_M02559_0254_000000000-AW721	1	1	1	1	1	1	1	0	0	1
170509_M02559_0255_000000000-G121R	1	1	1	1	1	1	1	0	0	1
170509_M02559_0256_000000000-D2J5Y	1	1	1	1	1	1	1	0	0	1
170510_M02559_0257_000000000-D2F66	1	1	1	1	1	1	1	0	0	1
170511_M02559_0258_000000000-G1808	1	1	1	1	1	1	1	0	0	1
170512_M02559_0259_000000000-AVL9T	1	1	1	1	1	1	1	0	0	1
170513_M02559_0260_000000000-G13UY	0	0	0	1	1	1	1	0	0	1
170514_M02559_0261_000000000-G146J	1	1	1	1	1	1	1	0	0	1
170515_M02559_0262_000000000-G13WD	1	1	1	1	1	1	1	0	0	1
170516_M02559_0263_000000000-D2DBR	1	1	1	1	1	1	1	0	0	1
170517_M02559_0264_000000000-AU3YR	1	1	1	1	1	1	1	0	0	1
170518_M02559_0265_000000000-G1489	1	1	1	1	1	1	1	0	0	1
170519_M02559_0266_000000000-G1999	1	1	1	1	1	1	1	0	0	1
170520_M02559_0267_000000000-D2HHU	1	1	1	1	1	1	1	0	0	1
170521_M02559_0268_000000000-D2GAK	1	1	1	1	1	1	1	0	0	1
170522_M02559_0269_000000000-D2HYC	1	1	1	1	1	1	1	0	0	1
170523_M02559_0270_000000000-G1993	1	1	1	1	1	1	1	0	0	1
170524_M02559_0271_000000000-D2GBJ	1	1	1	1	1	1	1	0	0	1
170525_M02559_0272_000000000-D2HN2	1	1	1	1	1	1	1	0	0	1
170526_M02559_0273_000000000-D2HND	1	1	1	1	1	1	1	0	0	1
170527_M02559_0274_000000000-D2HLG	1	1	1	1	1	1	1	0	0	1
170528_M02559_0275_000000000-D2J0W	1	1	1	1	1	1	1	0	0	1
170529_M02559_0276_000000000-D2HYH	1	1	1	1	1	1	1	0	0	1
170531_M02559_0277_000000000-D0WCE	1	1	1	1	1	1	1	0	0	1
170601_M02559_0278_000000000-AREDJ	0	0	0	1	1	1	1	0	0	1
170602_M02559_0279_000000000-AREDJ	1	1	1	1	1	1	1	0	0	1
170602_M02559_0280_000000000-D2J0M	1	1	1	1	1	1	1	0	0	1
170603_M02559_0281_000000000-D2HV6	1	1	1	1	1	1	1	0	0	1
170604_M02559_0282_000000000-G19A0	1	1	1	1	1	1	1	0	0	1
170605_M02559_0283_000000000-G17RJ	1	1	1	1	1	1	1	0	0	1
170607_M02559_0284_000000000-G197E	0	0	0	1	1	1	1	0	0	1
170607_M02559_0285_000000000-G197E	0	0	0	1	1	1	1	0	0	1
170607_M02559_0286_000000000-G19D9	1	1	1	1	1	1	1	0	0	1
170608_M02559_0287_000000000-D2J00	1	1	1	1	1	1	1	0	0	1
170609_M02559_0288_000000000-AU2K8	0	0	0	1	1	1	1	0	0	1
170609_M02559_0289_000000000-AU2K8	0	0	0	1	1	1	1	0	0	1
170613_M02559_0290_000000000-G19CA	1	1	1	1	1	1	1	0	0	1
170614_M05267_0002_000000000-AREEU	1	1	1	1	1	1	1	0	0	1
170615_M02559_0291_000000000-G19D7	1	1	1	1	1	1	1	0	0	1
170616_M02559_0292_000000000-G1481	1	1	1	1	1	1	1	0	0	1
170616_M05267_0003_000000000-B9JM8	0	0	0	1	1	1	1	0	0	1
170617_M02559_0293_000000000-G1966	1	1	1	1	1	1	1	0	0	1
170619_M02559_0294_000000000-AUY6N	1	1	1	1	1	1	1	0	0	1
170619_M05267_0004_000000000-B9JM8	0	0	0	1	1	1	1	0	0	1
170620_M02559_0295_000000000-D2HEJ	1	1	1	1	1	1	1	0	0	1
170620_M05267_0005_000000000-D2J2H	1	1	1	1	1	1	1	0	0	1
170621_M05267_0006_000000000-AREDF	1	1	1	1	1	1	1	0	0	1
170622_M02559_0296_000000000-G17YG	1	1	1	1	1	1	1	0	0	1
170623_M02559_0297_000000000-D0TBN	1	1	1	1	1	1	1	0	0	1
170623_M05267_0007_000000000-B93HT	1	1	1	1	1	1	1	0	0	1
170624_M05267_0008_000000000-G1A16	1	1	1	1	1	1	1	0	0	1
170627_M02559_0298_000000000-D2HYG	1	1	1	1	1	1	1	0	0	1
170628_M02559_0299_000000000-G17YB	1	1	1	1	1	1	1	0	0	1
170630_M02559_0300_000000000-G18KY	1	1	1	1	1	1	1	0	0	1
170703_M02559_0301_000000000-G18UY	1	1	1	1	1	1	1	0	0	1
170704_M02559_0302_000000000-D2HYB	1	1	1	1	1	1	1	0	0	1
170704_M05267_0009_000000000-B9355	1	1	1	1	1	1	1	0	0	1
170705_M02559_0303_000000000-G194W	1	1	1	1	1	1	1	0	0	1
170706_M02559_0304_000000000-G1958	1	1	1	1	1	1	1	0	0	1
170708_M02559_0305_000000000-G18LC	1	1	1	1	1	1	1	0	0	1
170710_M02559_0306_000000000-G18EM	1	1	1	1	1	1	1	0	0	1
170713_M02559_0307_000000000-G19PF	0	0	0	1	1	1	1	0	0	1
170714_M02559_0308_000000000-G19PF	1	1	1	1	1	1	1	0	0	1
170714_M05267_0010_000000000-B93GC	1	1	1	1	1	1	1	0	0	1
170715_M02559_0309_000000000-G1946	1	1	1	1	1	1	1	0	0	1
170717_M02559_0310_000000000-G17Y8	1	1	1	1	1	1	1	0	0	1
170718_M02559_0311_000000000-D2J41	1	1	1	1	1	1	1	0	0	1
170720_M02559_0312_000000000-G19WE	1	1	1	1	1	1	1	0	0	1
170720_M05267_0011_000000000-APBG6	1	1	1	1	1	1	1	0	0	1
170721_M02559_0313_000000000-D2J58	1	1	1	1	1	1	1	0	0	1
170724_M02559_0314_000000000-G19WR	1	1	1	1	1	1	1	0	0	1
170725_M02559_0315_000000000-G1AFJ	1	1	1	1	1	1	1	0	0	1
170725_M05267_0012_000000000-B93B3	1	1	1	1	1	1	1	0	0	1
170726_M02559_0316_000000000-D2JC7	1	1	1	1	1	1	1	0	0	1
170726_M05267_0013_000000000-D2KJ1	1	1	1	1	1	1	1	0	0	1
170727_M02559_0317_000000000-G1APU	1	1	1	1	1	1	1	0	0	1
170728_M02559_0318_000000000-D2HUK	1	1	1	1	1	1	1	0	0	1
170731_M02559_0319_000000000-D2J3H	1	1	1	1	1	1	1	0	0	1
170801_M02559_0320_000000000-D2HEF	1	1	1	1	1	1	1	0	0	1
170801_M05267_0014_000000000-D2HR5	1	1	1	1	1	1	1	0	0	1
170803_M02559_0321_000000000-G1ARB	1	1	1	1	1	1	1	0	0	1
170803_M05267_0015_000000000-AVK50	1	1	1	1	1	1	1	0	0	1
170804_M02559_0322_000000000-D2HWN	1	1	1	1	1	1	1	0	0	1
170804_M05267_0016_000000000-D2J43	0	0	0	1	1	1	1	0	0	1
170805_M05267_0017_000000000-D2J3F	1	1	1	1	1	1	1	0	0	1
170807_M02559_0323_000000000-G1B90	1	1	1	1	1	1	1	0	0	1
170808_M02559_0324_000000000-G1AC0	1	1	1	1	1	1	1	0	0	1
170809_M02559_0325_000000000-D2J1P	1	1	1	1	1	1	1	0	0	1
170809_M05267_0018_000000000-D0WKY	1	1	1	1	1	1	1	0	0	1
170811_M02559_0326_000000000-G1AUE	1	1	1	1	1	1	1	0	0	1
170811_M05267_0019_000000000-AYUAK	1	1	1	1	1	1	1	0	0	1
170814_M02559_0327_000000000-D2HN3	1	1	1	1	1	1	1	0	0	1
170815_M02559_0328_000000000-D2J42	1	1	1	1	1	1	1	0	0	1
170817_M02559_0329_000000000-G1B55	1	1	1	1	1	1	1	0	0	1
170818_M02559_0330_000000000-G181H	0	0	0	1	1	1	1	0	0	1
170818_M02559_0331_000000000-G181H	1	1	1	1	1	1	1	0	0	1
170821_M02559_0332_000000000-D2J4J	1	1	1	1	1	1	1	0	0	1
170821_M05267_0020_000000000-B257F	1	1	1	1	1	1	1	0	0	1
170822_M02559_0333_000000000-G1824	1	1	1	1	1	1	1	0	0	1
170822_M05267_0021_000000000-G1867	1	1	1	1	1	1	1	0	0	1
170824_M02559_0334_000000000-G16P2	1	1	1	1	1	1	1	0	0	1
170824_M05267_0022_000000000-AY8LK	1	1	1	1	1	1	1	0	0	1
170825_M02559_0335_000000000-D2HYA	1	1	1	1	1	1	1	0	0	1
170825_M05267_0023_000000000-D2GWE	1	1	1	1	1	1	1	0	0	1
170828_M02559_0336_000000000-G19CV	1	1	1	1	1	1	1	0	0	1
170828_M05267_0024_000000000-AUWHH	1	1	1	1	1	1	1	0	0	1
170829_M02559_0337_000000000-G19DM	1	1	1	1	1	1	1	0	0	1
170830_M02559_0338_000000000-D2J4T	1	1	1	1	1	1	1	0	0	1
170830_M05267_0025_000000000-AYUPK	1	1	1	1	1	1	1	0	0	1
170831_M02559_0339_000000000-G1870	1	1	1	1	1	1	1	0	0	1
170901_M02559_0340_000000000-D2HUD	1	1	1	1	1	1	1	0	0	1
170904_M02559_0341_000000000-G176W	1	1	1	1	1	1	1	0	0	1
170905_M02559_0342_000000000-G1BJV	1	1	1	1	1	1	1	0	0	1
170906_M02559_0343_000000000-D2HY9	1	1	1	1	1	1	1	0	0	1
170906_M05267_0026_000000000-AYURU	1	1	1	1	1	1	1	0	0	1
170907_M02559_0344_000000000-G1CFR	1	1	1	1	1	1	1	0	0	1
170908_M02559_0345_000000000-G1BFP	1	1	1	1	1	1	1	0	0	1
170911_M02559_0346_000000000-G1BEF	1	1	1	1	1	1	1	0	0	1
170912_M02559_0347_000000000-G1BDJ	1	1	1	1	1	1	1	0	0	1
170913_M02559_0348_000000000-G1BHY	0	0	0	1	1	1	1	0	0	1
170914_M02559_0349_000000000-G18D5	1	1	1	1	1	1	1	0	0	1
170914_M05267_0027_000000000-AYVD6	1	1	1	1	1	1	1	0	0	1
170915_M02559_0350_000000000-G1BFG	1	1	1	1	1	1	1	0	0	1
170915_M05267_0028_000000000-G1BF7	1	1	1	1	1	1	1	0	0	1
170916_M05267_0029_000000000-G1B85	1	1	1	1	1	1	1	0	0	1
170918_M02559_0351_000000000-D2J28	1	1	1	1	1	1	1	0	0	1
170919_M02559_0352_000000000-G1BFH	1	1	1	1	1	1	1	0	0	1
170919_M05267_0030_000000000-AYUT2	1	1	1	1	1	1	1	0	0	1
170920_M02559_0353_000000000-D2GME	1	1	1	1	1	1	1	0	0	1
170920_M05267_0031_000000000-AT6R6	0	0	0	1	1	1	1	0	0	1
170920_M05267_0032_000000000-AT6R6	0	0	0	1	1	1	1	0	0	1
170921_M02559_0354_000000000-G1BD3	1	1	1	1	1	1	1	0	0	1
170921_M05267_0033_000000000-ATLDA	1	1	1	1	1	1	1	0	0	1
170922_M02559_0355_000000000-D2HWU	1	1	1	1	1	1	1	0	0	1
170925_M02559_0356_000000000-G1BDV	1	1	1	1	1	1	1	0	0	1
170926_M02559_0357_000000000-D2HL6	1	1	1	1	1	1	1	0	0	1
170927_M02559_0358_000000000-G1BF3	1	1	1	1	1	1	1	0	0	1
170927_M05267_0034_000000000-AVKP8	1	1	1	1	1	1	1	0	0	1
170929_M02559_0359_000000000-D2JGA	1	1	1	1	1	1	1	0	0	1
170929_M05267_0035_000000000-B8DRN	1	1	1	1	1	1	1	0	0	1
170930_M02559_0360_000000000-D2JPA	1	1	1	1	1	1	1	0	0	1
171002_M02559_0361_000000000-D2GKK	1	1	1	1	1	1	1	0	0	1
171003_M02559_0362_000000000-G1D2V	1	1	1	1	1	1	1	0	0	1
171005_M02559_0363_000000000-G1D6W	1	1	1	1	1	1	1	0	0	1
171005_M05267_0036_000000000-AVKLH	1	0	0	1	1	1	1	0	0	1
171006_M02559_0364_000000000-G1DUE	1	1	1	1	1	1	1	0	0	1
171011_M02559_0365_000000000-D2JPH	1	1	1	1	1	1	1	0	0	1
171012_M02559_0366_000000000-G1D25	1	1	1	1	1	1	1	0	0	1
171012_M05267_0037_000000000-AVKP9	1	1	1	1	1	1	1	0	0	1
171013_M02559_0367_000000000-G1F6B	1	1	1	1	1	1	1	0	0	1
171014_M05267_0038_000000000-G1DU0	1	1	1	1	1	1	1	0	0	1
171016_M02559_0368_000000000-G1DU5	1	1	1	1	1	1	1	0	0	1
171017_M02559_0369_000000000-D2J8P	1	1	1	1	1	1	1	0	0	1
171017_M05267_0039_000000000-BG6FN	1	1	1	1	1	1	1	0	0	1
171018_M02559_0370_000000000-D2GKL	1	1	1	1	1	1	1	0	0	1
171019_M02559_0371_000000000-G1DU8	1	1	1	1	1	1	1	0	0	1
171019_M05267_0040_000000000-BG6G6	1	1	1	1	1	1	1	0	0	1
171020_M02559_0372_000000000-G1D1M	1	1	1	1	1	1	1	0	0	1
171023_M02559_0373_000000000-G1D6U	1	1	1	1	1	1	1	0	0	1
171024_M02559_0374_000000000-G1EUE	1	1	1	1	1	1	1	0	0	1
171025_M02559_0375_000000000-G1EU6	1	1	1	1	1	1	1	0	0	1
171026_M02559_0376_000000000-G18JU	1	1	1	1	1	1	1	0	0	1
171026_M05267_0041_000000000-BG6D5	1	1	1	1	1	1	1	0	0	1
171027_M02559_0377_000000000-D2MRN	1	1	1	1	1	1	1	0	0	1
171027_M05267_0042_000000000-D2MHM	1	1	1	1	1	1	1	0	0	1
171028_M05267_0043_000000000-D2R8W	1	1	1	1	1	1	1	0	0	1
171030_M02559_0378_000000000-G19MN	1	1	1	1	1	1	1	0	0	1
171030_M05267_0044_000000000-D2MVT	1	1	1	1	1	1	1	0	0	1
171031_M02559_0379_000000000-D2MK0	1	1	1	1	1	1	1	0	0	1
171101_M02559_0380_000000000-D2MK1	1	1	1	1	1	1	1	0	0	1
171101_M05267_0045_000000000-D2MMG	1	1	1	1	1	1	1	0	0	1
171102_M02559_0381_000000000-G1F8D	1	1	1	1	1	1	1	0	0	1
171102_M05267_0046_000000000-BG5L2	1	1	1	1	1	1	1	0	0	1
171102_M05267_0047_000000000-D2HVJ	1	1	1	1	1	1	1	0	0	1
171103_M02559_0382_000000000-D2JGF	1	1	1	1	1	1	1	0	0	1
171106_M02559_0383_000000000-G1HLY	1	1	1	1	1	1	1	0	0	1
171107_M02559_0384_000000000-D2JGD	1	1	1	1	1	1	1	0	0	1
171108_M02559_0385_000000000-D2MVP	1	1	1	1	1	1	1	0	0	1
171108_M05267_0048_000000000-G1HL5	1	1	1	1	1	1	1	0	0	1
171109_M02559_0386_000000000-G1H4G	1	1	1	1	1	1	1	0	0	1
171110_M05267_0049_000000000-BGH3K	1	1	1	1	1	1	1	0	0	1
171113_M02559_0387_000000000-G1HLR	1	1	1	1	1	1	1	0	0	1
171114_M02559_0388_000000000-G1HFV	1	1	1	1	1	1	1	0	0	1
171114_M05267_0050_000000000-BG4YP	1	1	1	1	1	1	1	0	0	1
171115_M02559_0389_000000000-G1HL3	1	1	1	1	1	1	1	0	0	1
171116_M02559_0390_000000000-D2MMW	1	1	1	1	1	1	1	0	0	1
171116_M05267_0051_000000000-BG4V2	1	1	1	1	1	1	1	0	0	1
171117_M02559_0391_000000000-D2MUP	1	1	1	1	1	1	1	0	0	1
171118_M05267_0052_000000000-D2P31	1	1	1	1	1	1	1	0	0	1
171120_M02559_0392_000000000-G1FC7	1	1	1	1	1	1	1	0	0	1
171121_M02559_0393_000000000-D2N9A	1	1	1	1	1	1	1	0	0	1
171122_M02559_0394_000000000-G1HDY	1	1	1	1	1	1	1	0	0	1
171122_M05267_0053_000000000-BG4W7	1	1	1	1	1	1	1	0	0	1
171123_M02559_0395_000000000-D2N9N	1	1	1	1	1	1	1	0	0	1
171124_M02559_0396_000000000-G1GR4	1	1	1	1	1	1	1	0	0	1
171125_M05267_0054_000000000-D2P3N	1	1	1	1	1	1	1	0	0	1
171127_M05267_0055_000000000-D2P6J	1	1	1	1	1	1	1	0	0	1
171128_M02559_0397_000000000-D2NN1	1	1	1	1	1	1	1	0	0	1
171128_M05267_0056_000000000-D2N9C	1	1	1	1	1	1	1	0	0	1
171129_M02559_0398_000000000-D2NNW	1	1	1	1	1	1	1	0	0	1
171129_M05267_0057_000000000-D2T9U	1	1	1	1	1	1	1	0	0	1
171130_M02559_0399_000000000-D2TBW	1	1	1	1	1	1	1	0	0	1
171130_M05267_0058_000000000-BGHBG	1	1	1	1	1	1	1	0	0	1
171201_M02559_0400_000000000-D2TAW	1	1	1	1	1	1	1	0	0	1
171202_M05267_0059_000000000-D2NB2	0	0	0	1	1	1	1	0	0	1
171204_M02559_0401_000000000-G1FA1	1	1	1	1	1	1	1	0	0	1
171205_M02559_0402_000000000-D2TD8	1	1	1	1	1	1	1	0	0	1
171206_M02559_0403_000000000-G1F86	1	1	1	1	1	1	1	0	0	1
171207_M02559_0404_000000000-D2T43	1	1	1	1	1	1	1	0	0	1
171208_M02559_0405_000000000-G1EBK	1	1	1	1	1	1	1	0	0	1
171211_M02559_0406_000000000-G1FC0	1	1	1	1	1	1	1	0	0	1
171211_M05267_0060_000000000-D2NJD	1	1	1	1	1	1	1	0	0	1
171212_M02559_0407_000000000-G1HMG	1	1	1	1	1	1	1	0	0	1
171213_M02559_0408_000000000-G1FC3	1	1	1	1	1	1	1	0	0	1
171213_M05267_0061_000000000-BGH58	1	1	1	1	1	1	1	0	0	1
171214_M02559_0409_000000000-G1GPV	1	1	1	1	1	1	1	0	0	1
171215_M02559_0410_000000000-D2T6Y	1	1	1	1	1	1	1	0	0	1
171216_M05267_0062_000000000-D2R5A	1	1	1	1	1	1	1	0	0	1
171218_M02559_0411_000000000-G1GNM	1	1	1	1	1	1	1	0	0	1
171219_M02559_0412_000000000-D2T9K	1	1	1	1	1	1	1	0	0	1
171219_M05267_0063_000000000-BDCRM	1	1	1	1	1	1	1	0	0	1
171220_M02559_0413_000000000-D2TCK	1	1	1	1	1	1	1	0	0	1
171221_M02559_0414_000000000-G1GRR	1	1	1	1	1	1	1	0	0	1
171221_M05267_0064_000000000-BHMCH	1	1	1	1	1	1	1	0	0	1
171222_M02559_0415_000000000-D2W60	1	1	1	1	1	1	1	0	0	1
171222_M05267_0065_000000000-G1GNV	1	1	1	1	1	1	1	0	0	1
171223_M02559_0416_000000000-D2WGW	1	1	1	1	1	1	1	0	0	1
171225_M02559_0417_000000000-D2TBD	1	1	1	1	1	1	1	0	0	1
171225_M05267_0066_000000000-D2RNG	1	1	1	1	1	1	1	0	0	1
171226_M02559_0418_000000000-D2WWP	1	1	1	1	1	1	1	0	0	1
171226_M05267_0067_000000000-D2W66	1	1	1	1	1	1	1	0	0	1
171227_M02559_0419_000000000-D2W6K	1	1	1	1	1	1	1	0	0	1
171227_M05267_0068_000000000-D2WV7	1	1	1	1	1	1	1	0	0	1
171228_M02559_0420_000000000-D2Y20	1	1	1	1	1	1	1	0	0	1
171228_M05267_0069_000000000-BJ9H8	1	1	1	1	1	1	1	0	0	1
171229_M02559_0421_000000000-D2WUD	1	1	1	1	1	1	1	0	0	1
180102_M02559_0422_000000000-G1TGG	1	1	1	1	1	1	1	0	0	1
180103_M02559_0423_000000000-D2WM8	1	1	1	1	1	1	1	0	0	1
180103_M05267_0070_000000000-D2WND	1	1	1	1	1	1	1	1	0	1
180104_M02559_0424_000000000-G1TKJ	1	1	1	1	1	1	1	0	0	1
180104_M05267_0071_000000000-BG7W9	1	1	1	1	1	1	1	1	0	1
180105_M02559_0425_000000000-G1TGF	1	1	1	1	1	1	1	0	0	1
180105_M05267_0072_000000000-BDCFV	1	1	1	1	1	1	1	1	0	1
180108_M02559_0426_000000000-G1H5L	1	1	1	1	1	1	1	0	0	1
180109_M02559_0427_000000000-D2R42	1	1	1	1	1	1	1	0	0	1
180110_M02559_0428_000000000-G1MM3	1	1	1	1	1	1	1	0	0	1
180111_M02559_0429_000000000-G1RYM	1	1	1	1	1	1	1	0	0	1
180111_M05267_0073_000000000-BJPJH	1	1	1	1	1	1	1	1	0	1
180112_M02559_0430_000000000-G1TJF	1	1	1	1	1	1	1	0	0	1
180115_M02559_0431_000000000-D2UYC	1	1	1	1	1	1	1	0	0	1
180116_M02559_0432_000000000-D2W30	1	1	1	1	1	1	1	0	0	1
180117_M02559_0433_000000000-D2V3P	1	1	1	1	1	1	1	0	0	1
180118_M02559_0434_000000000-G1HHL	1	1	1	1	1	1	1	0	0	1
180118_M05267_0074_000000000-BK25H	1	1	1	1	1	1	1	1	0	1
180119_M02559_0435_000000000-D2W2N	1	1	1	1	1	1	1	0	0	1
180122_M02559_0436_000000000-G1TN9	1	1	1	1	1	1	1	0	0	1
180123_M02559_0437_000000000-G1THM	1	1	1	1	1	1	1	0	0	1
180123_M05267_0075_000000000-G1AUD	1	1	1	1	1	1	1	1	0	1
180124_M02559_0438_000000000-G1TMJ	1	1	1	1	1	1	1	0	0	1
180125_M02559_0439_000000000-G1TMP	1	1	1	1	1	1	1	0	0	1
180126_M02559_0440_000000000-D2V0H	1	1	1	1	1	1	1	0	0	1
180126_M05267_0076_000000000-BK39T	1	1	1	1	1	1	1	1	0	1
180127_M05267_0077_000000000-D2VBJ	1	1	1	1	1	1	1	0	0	1
180129_M02559_0441_000000000-G1H9L	1	1	1	1	1	1	1	0	0	1
180130_M02559_0442_000000000-D2UYT	1	1	1	1	1	1	1	0	0	1
180130_M05267_0078_000000000-BJY2C	1	1	1	1	1	1	1	1	0	1
180131_M02559_0443_000000000-G1H82	1	1	1	1	1	1	1	0	0	1
180131_M05267_0079_000000000-BJY46	1	1	1	1	1	1	1	1	0	1
180201_M02559_0444_000000000-G1K83	1	1	1	1	1	1	1	0	0	1
180201_M05267_0080_000000000-BJ9K8	1	1	1	1	1	1	1	1	0	1
180202_M02559_0445_000000000-D2UWE	1	1	1	1	1	1	1	0	0	1
180205_M02559_0446_000000000-G1TC3	1	1	1	1	1	1	1	0	0	1
180206_M02559_0447_000000000-G1RP3	1	1	1	1	1	1	1	0	0	1
180206_M05267_0081_000000000-BJ9GW	1	1	1	1	1	1	1	1	0	1
180207_M05267_0082_000000000-G1R4W	1	1	1	1	1	1	1	1	0	1
180208_M02559_0448_000000000-G1K4M	1	1	1	1	1	1	1	1	0	1
180208_M05267_0083_000000000-BJYP7	1	1	1	1	1	1	1	1	0	1
180209_M02559_0449_000000000-G1T94	1	1	1	1	1	1	1	1	0	1
180209_M05267_0084_000000000-D2M8C	1	1	1	1	1	1	1	1	0	1
180210_M02559_0450_000000000-D2UKT	1	1	1	1	1	1	1	1	0	1
180212_M02559_0451_000000000-D2W43	1	1	1	1	1	1	1	1	0	1
180213_M02559_0452_000000000-G1T5T	1	1	1	1	1	1	1	1	0	1
180213_M05267_0085_000000000-BJ7HN	1	1	1	1	1	1	1	1	0	1
180214_M02559_0453_000000000-G1T96	1	1	1	1	1	1	1	1	0	1
180221_M02559_0454_000000000-G1RMP	1	1	1	1	1	1	1	1	0	1
180222_M02559_0455_000000000-G1T7F	1	1	1	1	1	1	1	1	0	1
180222_M05267_0086_000000000-BK2F3	1	1	1	1	1	1	1	1	0	1
180223_M02559_0456_000000000-D2VJM	1	1	1	1	1	1	1	1	0	1
180226_M02559_0457_000000000-G1T6H	1	1	1	1	1	1	1	1	0	1
180227_M02559_0458_000000000-G1T7T	1	1	1	34/34	34/34	16/16	16/16	1	0	1
180301_M02559_0459_000000000-G1RNP	1	1	1	42/42	42/42	20/20	20/20	1	0	1
180302_M02559_0460_000000000-G1T9T	1	1	1	42/42	42/42	20/20	20/20	1	0	1
180303_M02559_0461_000000000-G1RNY	1	1	1	42/42	42/42	20/20	20/20	1	0	1
180305_M05267_0087_000000000-D32FA	1	1	1	18/18	18/18	8/8	8/8	1	0	1
180306_M02559_0462_000000000-G1RF9	1	1	1	34/34	34/34	16/16	16/16	1	0	1
180307_M02559_0463_000000000-G1RFD	1	1	1	40/40	40/40	19/19	19/19	1	0	1
180307_M05267_0088_000000000-B6MV9	1	1	1	25/25	25/25	24/24	24/24	1	0	1
180308_M02559_0464_000000000-G1TD3	1	1	1	42/42	42/42	20/20	20/20	1	0	1
180309_M02559_0465_000000000-G1TBR	1	1	1	30/30	30/30	14/14	14/14	1	0	1
180309_M05267_0089_000000000-D2PU9	1	1	1	50/50	50/50	24/24	24/24	1	0	1
180311_M05267_0090_000000000-D2VLT	1	1	1	18/18	18/18	8/8	8/8	1	0	1
180312_M02559_0466_000000000-G1RN8	1	1	1	36/36	36/36	17/17	17/17	1	0	1
180313_M02559_0467_000000000-G1PB4	1	1	1	32/32	32/32	15/15	15/15	1	0	1
180314_M02559_0468_000000000-G1PRM	1	1	1	34/34	34/34	16/16	16/16	1	0	1
180314_M05267_0091_000000000-D32HW	0	0	0	0	0	0	0	0	0	0
180315_M02559_0469_000000000-G1RF8	1	1	1	42/42	42/42	20/20	20/20	1	0	1
180316_M02559_0470_000000000-G1R6N	1	1	1	42/42	42/42	20/20	20/20	1	0	1
180316_M05267_0092_000000000-BKB8G	1	1	1	25/25	25/25	24/24	24/24	1	0	1
180319_M02559_0471_000000000-G1RHJ	1	1	1	42/42	42/42	20/20	20/20	1	0	1
180320_M02559_0472_000000000-G1R6D	1	1	1	42/42	42/42	20/20	20/20	1	0	1
180320_M05267_0093_000000000-AVAF2	0	0	0	0	0	0	0	0	0	
180321_M02559_0473_000000000-G1PNN	1	1	1	42/42	42/42	20/20	20/20	1	0	1
180322_M02559_0474_000000000-G1RL6	1	1	1	32/32	32/32	15/15	15/15	1	0	1
180326_M02559_0475_000000000-G1RGP	1	1	1	42/42	42/42	20/20	20/20	1	0	1
180327_M02559_0476_000000000-D2VK5	1	1	1	18/18	18/18	8/8	8/8	1	0	1
180328_M02559_0477_000000000-G1RGC	1	1	1	42/42	42/42	20/20	20/20	1	0	1
180328_M05267_0094_000000000-BKDRW	1	1	1	25/25	25/25	24/24	24/24	1	0	1
180329_M02559_0478_000000000-G1PRK	1	1	1	42/42	42/42	20/20	20/20	1	0	1
180330_M02559_0479_000000000-D2VM8	1	1	1	18/18	18/18	8/8	8/8	1	0	1
180331_M02559_0480_000000000-G1P95	1	1	1	42/42	42/42	20/20	20/20	1	0	1
180402_M02559_0481_000000000-G1RHK	1	1	1	42/42	42/42	20/20	20/20	1	0	1
180403_M02559_0482_000000000-D3245	1	1	1	18/18	18/18	8/8	8/8	1	0	1
180409_M02559_0483_000000000-D2VH0	1	1	1	18/18	18/18	8/8	8/8	1	0	1
180409_M05267_0095_000000000-D2VK0	1	1	1	18/18	18/18	8/8	8/8	1	0	1
180410_M02559_0484_000000000-D3GK4	1	1	1	18/18	18/18	8/8	8/8	1	0	1
180410_M05267_0096_000000000-BKCGR	1	1	1	25/25	25/25	24/24	24/24	1	0	1
180411_M02559_0485_000000000-G1PR5	1	1	1	42/42	42/42	20/20	20/20	1	0	1
180411_M05267_0097_000000000-BKCDT	1	1	1	25/25	25/25	24/24	24/24	1	0	1
180412_M02559_0486_000000000-G1NBD	1	1	1	34/34	34/34	16/16	16/16	1	0	1
180412_M05267_0098_000000000-D2PBT	1	1	1	50/50	50/50	24/24	24/24	1	0	1
180414_M05267_0099_000000000-D2R3U	1	1	1	46/46	46/46	22/22	22/22	1	0	1
180416_M02559_0487_000000000-G1MJT	1	1	1	42/42	42/42	20/20	20/20	1	0	1
180417_M02559_0488_000000000-G1N8P	1	1	1	42/42	42/42	20/20	20/20	1	0	1
180417_M05267_0100_000000000-BKB8C	1	1	1	25/25	25/25	24/24	24/24	1	0	1
180418_M02559_0489_000000000-G1P78	1	1	1	34/34	34/34	16/16	16/16	1	0	1
180419_M02559_0490_000000000-G1NCP	1	1	1	34/34	34/34	16/16	16/16	1	0	1
180420_M02559_0491_000000000-D3GT5	1	1	1	18/18	18/18	8/8	8/8	1	0	1
180420_M05267_0101_000000000-BKDJ2	1	1	1	25/25	25/25	24/24	24/24	1	0	1
180421_M02559_0492_000000000-G1N39	1	1	1	42/42	42/42	20/20	20/20	1	0	1
180423_M02559_0493_000000000-D3GNH	1	1	1	18/18	18/18	8/8	8/8	1	0	1
180424_M02559_0494_000000000-D3FLK	0	0	0	0	0	0	0	0	0	0
180424_M05267_0102_000000000-BKB7J	1	1	1	25/25	25/25	24/24	24/24	1	0	1
180425_M05267_0103_000000000-G1MJ4	1	1	1	42/42	42/42	20/20	20/20	1	0	1
180426_M05267_0104_000000000-G1P7J	1	1	1	42/42	42/42	20/20	20/20	1	0	1
180427_M05267_0105_000000000-G1N96	1	1	1	34/34	34/34	16/16	16/16	1	0	1
180428_M05267_0106_000000000-D3GT3	1	1	1	18/18	18/18	8/8	8/8	1	0	1
180502_M05267_0107_000000000-D2R4J	1	1	1	12/12	12/12	5/5	5/5	1	0	1
180503_M05267_0108_000000000-G1P7L	1	1	1	42/42	42/42	20/20	20/20	1	0	1
180504_M05267_0109_000000000-G1P6H	1	1	1	42/42	42/42	20/20	20/20	1	0	1
180507_M05267_0110_000000000-G1NH8	1	1	1	32/32	32/32	15/15	15/15	1	0	1
180508_M02559_0002_000000000-G1P4V	1	1	1	18/18	18/18	8/8	8/8	1	0	1
180508_M05267_0111_000000000-BKC4V	1	1	1	25/25	25/25	24/24	24/24	1	0	1
180509_M02559_0003_000000000-D2R91	1	1	1	18/18	18/18	8/8	8/8	1	0	1
180510_M02559_0004_000000000-G1P5F	1	1	1	34/34	34/34	16/16	16/16	1	0	1
180511_M02559_0005_000000000-G1N9C	1	1	1	42/42	42/42	20/20	20/20	1	0	1
180511_M05267_0112_000000000-BK7DP	1	1	1	25/25	25/25	24/24	24/24	1	0	1
180512_M05267_0113_000000000-D3GJ5	1	1	1	50/50	50/50	24/24	24/24	1	0	1
180514_M02559_0006_000000000-G1N28	1	1	1	42/42	42/42	20/20	20/20	1	0	1
180515_M05267_0118_000000000-D2R61	1	1	1	18/18	18/18	8/8	8/8	1	0	1
180516_M02559_0007_000000000-G1TRN	1	1	1	42/42	42/42	20/20	20/20	1	0	1
180517_M02559_0008_000000000-G1V2Y	1	1	1	42/42	42/42	20/20	20/20	1	0	1
180518_M02559_0009_000000000-G1TTL	1	1	1	42/42	42/42	20/20	20/20	1	0	1
180521_M02559_0010_000000000-G1VG7	1	1	1	18/18	18/18	8/8	8/8	1	0	1
180522_M02559_0011_000000000-G1V4N	1	1	1	18/18	18/18	8/8	8/8	1	0	1
180522_M05267_0119_000000000-BK7TM	1	1	1	25/25	25/25	24/24	24/24	1	0	1
180523_M02559_0012_000000000-G1TTC	1	1	1	32/32	32/32	15/15	15/15	1	0	1
180524_M02559_0013_000000000-G1VJC	1	1	1	42/42	42/42	20/20	20/20	1	0	1
180525_M02559_0014_000000000-G1VF7	1	1	1	32/32	32/32	15/15	15/15	1	0	1
180528_M02559_0015_000000000-G2325	1	1	1	18/18	18/18	8/8	8/8	1	0	1
180529_M02559_0016_000000000-G1V76	1	1	1	26/26	26/26	12/12	12/12	1	0	1
180530_M02559_0017_000000000-G1TTN	1	1	1	42/42	42/42	20/20	20/20	1	0	1
180530_M05267_0120_000000000-BK7Y4	1	1	1	25/25	25/25	24/24	24/24	1	0	1
180531_M02559_0018_000000000-G1VF3	1	1	1	32/32	32/32	15/15	15/15	1	0	1
180601_M02559_0019_000000000-G1VGV	1	1	1	42/42	42/42	20/20	20/20	1	0	1
180601_M05267_0121_000000000-BK7KY	1	1	1	25/25	25/25	24/24	24/24	1	0	1
180602_M05267_0122_000000000-D2R92	1	1	1	50/50	50/50	24/24	24/24	1	0	1
180604_M02559_0020_000000000-G1VHH	1	1	1	18/18	18/18	8/8	8/8	1	0	1
180606_M02559_0021_000000000-G22K7	1	1	1	42/42	42/42	20/20	20/20	1	0	1
180606_M05267_0123_000000000-BPDKK	1	1	1	25/25	25/25	24/24	24/24	1	0	1
180607_M02559_0022_000000000-G233W	1	1	1	42/42	42/42	20/20	20/20	1	0	1
180607_M05267_0124_000000000-D3GTD	1	1	1	50/50	50/50	24/24	24/24	1	0	1
180608_M02559_0023_000000000-G249F	1	1	1	42/42	42/42	20/20	20/20	1	0	1
180609_M05267_0125_000000000-D32FK	0	0	0	0	0	0	0	0	0	
180611_M02559_0024_000000000-G22BL	1	1	1	42/42	42/42	20/20	20/20	1	0	1
180612_M02559_0025_000000000-G1TT3	1	1	1	16/16	16/16	7/7	7/7	1	0	1
180612_M05267_0126_000000000-BPLVD	1	1	1	25/25	25/25	24/24	24/24	1	0	1
180613_M02559_0026_000000000-G227D	1	1	1	40/40	40/40	19/19	19/19	1	0	1
180614_M02559_0027_000000000-G2357	1	1	1	30/30	30/30	14/14	14/14	1	0	1
180615_M02559_0028_000000000-G26C6	1	1	1	42/42	42/42	20/20	20/20	1	0	1
180615_M05267_0127_000000000-AW45N	1	1	1	10/10	10/10	4/4	4/4	1	0	1
180619_M02559_0029_000000000-G227J	1	1	1	18/18	18/18	8/8	8/8	1	0	1
180620_M02559_0030_000000000-G23GK	1	1	1	30/30	30/30	14/14	14/14	1	0	1
180620_M05267_0128_000000000-BPLT8	1	1	1	25/25	25/25	24/24	24/24	1	0	1
180621_M02559_0031_000000000-G2479	1	1	1	18/18	18/18	8/8	8/8	1	0	1
180622_M02559_0032_000000000-G249J	1	1	1	42/42	42/42	20/20	20/20	1	0	1
180623_M05267_0129_000000000-D2HY2	1	1	1	34/34	34/34	16/16	16/16	1	0	1
180626_M02559_0033_000000000-G24B9	1	1	1	42/42	42/42	20/20	20/20	1	0	1
180627_M02559_0034_000000000-G229M	1	1	1	32/32	32/32	15/15	15/15	1	0	1
180627_M05267_0130_000000000-BPTJF	1	1	1	25/25	25/25	24/24	24/24	1	0	1
180628_M02559_0035_000000000-G22W5	1	1	1	42/42	42/42	20/20	20/20	1	0	1
180629_M02559_0036_000000000-G22KM	1	1	1	42/42	42/42	20/20	20/20	1	0	1
180702_M02559_0037_000000000-G228L	1	1	1	18/18	18/18	8/8	8/8	1	0	1
180704_M02559_0038_000000000-G236M	1	1	1	34/34	34/34	16/16	16/16	1	0	1
180704_M05267_0131_000000000-BPTVF	1	1	1	25/25	25/25	24/24	24/24	1	0	1
180705_M02559_0039_000000000-G23HG	1	1	1	34/34	34/34	16/16	16/16	1	0	1
180706_M02559_0040_000000000-G236B	1	1	1	16/16	16/16	7/7	7/7	1	0	1
180706_M05267_0132_000000000-D3G8D	1	1	1	50/50	50/50	24/24	24/24	1	0	1
180709_M02559_0041_000000000-G23YM	1	1	1	18/18	18/18	8/8	8/8	1	0	1
180710_M05267_0133_000000000-G22JN	1	1	1	18/18	18/18	8/8	8/8	1	0	1
180712_M02559_0042_000000000-G22WC	1	1	1	42/42	42/42	20/20	20/20	1	0	1
180712_M05267_0134_000000000-BR7Y9	1	1	1	25/25	25/25	24/24	24/24	1	0	1
180713_M02559_0043_000000000-G23VR	1	1	1	34/34	34/34	16/16	16/16	1	0	1
180716_M02559_0044_000000000-G243R	1	1	1	18/18	18/18	8/8	8/8	1	0	1
180717_M02559_0045_000000000-G2B97	1	1	1	18/18	18/18	8/8	8/8	1	0	1
180718_M02559_0046_000000000-G2H2J	1	1	1	42/42	42/42	20/20	20/20	1	0	1
180719_M05267_0135_000000000-G2GFH	1	1	1	42/42	42/42	20/20	20/20	1	0	1
180720_M05267_0136_000000000-G1YGC	1	1	1	32/32	32/32	15/15	15/15	1	0	1
180721_M05267_0137_000000000-BR84K	0	0	0	0	0	0	0	0	0	
180722_M02559_0047_000000000-G1YLT	1	1	1	30/30	30/30	14/14	14/14	1	0	1
180724_M02559_0048_000000000-G2GYR	1	1	1	42/42	42/42	20/20	20/20	1	0	1
180725_M02559_0049_000000000-G2H2H	1	1	1	34/34	34/34	16/16	16/16	1	0	1
180726_M02559_0050_000000000-G2H2D	1	1	1	42/42	42/42	20/20	20/20	1	0	1
180727_M02559_0051_000000000-G2GGY	1	1	1	28/28	28/28	13/13	13/13	1	0	1
180730_M02559_0052_000000000-G2GGR	1	1	1	18/18	18/18	8/8	8/8	1	0	1
180731_M02559_0053_000000000-G2223	1	1	1	18/18	18/18	8/8	8/8	1	0	1
180731_M05267_0138_000000000-BW6HC	1	1	1	25/25	25/25	24/24	24/24	1	0	1
180801_M02559_0054_000000000-G2H2K	1	1	1	42/42	42/42	20/20	20/20	1	0	1
180801_M05267_0139_000000000-D4525	1	1	1	50/50	50/50	24/24	24/24	1	0	1
180802_M02559_0055_000000000-G2GG2	1	1	1	42/42	42/42	20/20	20/20	1	0	1
180803_M02559_0056_000000000-G2GKN	1	1	1	18/18	18/18	8/8	8/8	1	0	1
180807_M02559_0057_000000000-G2G3R	1	1	1	18/18	18/18	8/8	8/8	1	0	1
180807_M05267_0140_000000000-BR7WV	1	1	1	25/25	25/25	24/24	24/24	1	0	1
180808_M02559_0058_000000000-G2GR4	1	1	1	42/42	42/42	20/20	20/20	1	0	1
180809_M02559_0059_000000000-G2GKC	1	1	1	42/42	42/42	20/20	20/20	1	0	1
180809_M05267_0141_000000000-BR83P	1	1	1	25/25	25/25	24/24	24/24	1	0	1
180810_M02559_0060_000000000-G2GYY	1	1	1	30/30	30/30	14/14	14/14	1	0	1
180814_M02559_0061_000000000-G2GGT	1	1	1	34/34	34/34	16/16	16/16	1	0	1
180815_M02559_0062_000000000-G2GGG	1	1	1	42/42	42/42	20/20	20/20	1	0	1
180815_M05267_0142_000000000-BR84L	1	1	1	25/25	25/25	24/24	24/24	1	0	1
180816_M02559_0063_000000000-G2GKW	1	1	1	34/34	34/34	16/16	16/16	1	0	1
180817_M02559_0064_000000000-G2GYK	1	1	1	18/18	18/18	8/8	8/8	1	0	1
180820_M02559_0065_000000000-G2GKK	1	1	1	14/14	14/14	6/6	6/6	1	0	1
180821_M02559_0066_000000000-G2G3V	1	1	1	18/18	18/18	8/8	8/8	1	0	1
180821_M05267_0143_000000000-BRPT5	1	1	1	25/25	25/25	24/24	24/24	1	0	1
180822_M02559_0067_000000000-G2GPV	1	1	1	34/34	34/34	16/16	16/16	1	0	1
180823_M02559_0068_000000000-G2G7V	1	1	1	42/42	42/42	20/20	20/20	1	0	1
180823_M05267_0144_000000000-BF82G	1	1	1	25/25	25/25	24/24	24/24	1	0	1
180824_M02559_0069_000000000-G2FTL	1	1	1	34/34	34/34	16/16	16/16	1	0	1
180827_M02559_0070_000000000-G2G3T	1	1	1	14/14	14/14	6/6	6/6	1	0	1
180828_M02559_0071_000000000-G29N6	1	1	1	42/42	42/42	20/20	20/20	1	0	1
180828_M05267_0145_000000000-BRPVB	1	1	1	25/25	25/25	24/24	24/24	1	0	1
180829_M02559_0072_000000000-G2GL7	1	1	1	34/34	34/34	16/16	16/16	1	0	1
180829_M05267_0146_000000000-D3GKD	0	0	0	0	0	0	0	0	0	
180830_M02559_0073_000000000-G2GK6	1	1	1	34/34	34/34	16/16	16/16	1	0	1
180830_M05267_0147_000000000-BT59F	1	1	1	25/25	25/25	24/24	24/24	1	0	1
180831_M02559_0074_000000000-G2FFD	1	1	1	34/34	34/34	16/16	16/16	1	0	1
180903_M02559_0075_000000000-G28BN	1	1	1	14/14	14/14	6/6	6/6	1	0	1
180904_M02559_0076_000000000-G23TR	1	1	1	34/34	34/34	16/16	16/16	1	0	1
180904_M05267_0148_000000000-BRB94	1	1	1	25/25	25/25	24/24	24/24	1	0	1
180905_M02559_0077_000000000-G2GKT	1	1	1	34/34	34/34	16/16	16/16	1	0	1
180906_M05267_0149_000000000-BVWTG	1	1	1	25/25	25/25	24/24	24/24	1	0	1
180907_M02559_0078_000000000-G2GKJ	1	1	1	42/42	42/42	20/20	20/20	1	0	1
180907_M05267_0150_000000000-D4556	1	1	1	22/22	22/22	10/10	10/10	1	0	1
180910_M02559_0079_000000000-G2GKB	1	1	1	30/30	30/30	14/14	14/14	1	0	1
180911_M02559_0080_000000000-G2DYW	1	1	1	28/28	28/28	13/13	13/13	1	0	1
180911_M05267_0151_000000000-BW94C	1	1	1	25/25	25/25	24/24	24/24	1	0	1
180912_M02559_0081_000000000-G2FRC	1	1	1	42/42	42/42	20/20	20/20	1	0	1
180914_M02559_0082_000000000-G2DT3	1	1	1	42/42	42/42	20/20	20/20	1	0	1
180917_M02559_0083_000000000-G2GKD	1	1	1	34/34	34/34	16/16	16/16	1	0	1
180918_M02559_0084_000000000-G2DV7	1	1	1	18/18	18/18	8/8	8/8	1	0	1
180918_M05267_0152_000000000-BW8PK	1	1	1	25/25	25/25	24/24	24/24	1	0	1
180919_M02559_0085_000000000-G2DTY	1	1	1	40/40	40/40	19/19	19/19	1	0	1
180919_M05267_0153_000000000-AUWKY	1	1	1	50/50	50/50	24/24	24/24	1	0	1
180920_M02559_0086_000000000-G2DW6	1	1	1	30/30	30/30	14/14	14/14	1	0	1
180921_M02559_0087_000000000-G2DVF	1	1	1	34/34	34/34	16/16	16/16	1	0	1
180922_M02559_0088_000000000-G2DF4	1	1	1	18/18	18/18	8/8	8/8	1	0	1
180922_M05267_0154_000000000-BVVFM	1	1	1	25/25	25/25	24/24	24/24	1	0	1
180926_M02559_0089_000000000-G2DJ8	1	1	1	42/42	42/42	20/20	20/20	1	0	1
180927_M02559_0090_000000000-G2DDW	1	1	1	42/42	42/42	20/20	20/20	1	0	1
180927_M05267_0155_000000000-ATV6M	1	1	1	6/6	6/6	2/2	2/2	1	0	1
180928_M02559_0091_000000000-G2BHJ	1	1	1	42/42	42/42	20/20	20/20	1	0	1
180928_M05267_0156_000000000-BVVWV	1	1	1	25/25	25/25	24/24	24/24	1	0	1
181002_M02559_0092_000000000-G29V3	1	1	1	42/42	42/42	20/20	20/20	1	0	1
181003_M02559_0093_000000000-G2DW7	1	1	1	42/42	42/42	20/20	20/20	1	0	1
181003_M05267_0157_000000000-D4T5R	1	1	1	22/22	22/22	10/10	10/10	1	0	1
181004_M02559_0094_000000000-G2DHR	1	1	1	32/32	32/32	15/15	15/15	1	0	1
181005_M02559_0095_000000000-G2DVK	1	1	1	18/18	18/18	8/8	8/8	1	0	1
181005_M05267_0158_000000000-BW7TJ	1	1	1	25/25	25/25	24/24	24/24	1	0	1
181008_M02559_0096_000000000-G2G4V	1	1	1	18/18	18/18	8/8	8/8	1	0	1
181008_M05267_0159_000000000-AUY73	1	1	1	14/14	14/14	6/6	6/6	1	0	1
181009_M02559_0097_000000000-G2H67	1	1	1	18/18	18/18	8/8	8/8	1	0	1
181011_M02559_0098_000000000-G2DJF	1	1	1	42/42	42/42	20/20	20/20	1	0	1
181012_M02559_0099_000000000-G2BGG	1	1	1	42/42	42/42	20/20	20/20	1	0	1
181013_M02559_0100_000000000-G2D2C	1	1	1	30/30	30/30	14/14	14/14	1	0	1
181015_M02559_0101_000000000-G2KMN	1	1	1	42/42	42/42	20/20	20/20	1	0	1
181016_M02559_0102_000000000-G2HH3	1	1	1	32/32	32/32	15/15	15/15	1	0	1
181017_M02559_0103_000000000-G2LKK	1	1	1	34/34	34/34	16/16	16/16	1	0	1
181017_M05267_0160_000000000-BVVW6	1	1	1	25/25	25/25	24/24	24/24	1	0	1
181018_M02559_0104_000000000-G2LH8	1	1	1	32/32	32/32	15/15	15/15	1	0	1
181019_M02559_0105_000000000-G2LLH	1	1	1	30/30	30/30	14/14	14/14	1	0	1
181022_M02559_0106_000000000-G2LJW	1	1	1	34/34	34/34	16/16	16/16	1	0	1
181022_M05267_0161_000000000-BVWWC	1	1	1	25/25	25/25	24/24	24/24	1	0	1
181023_M02559_0107_000000000-G2KW9	1	1	1	42/42	42/42	20/20	20/20	1	0	1
181024_M02559_0108_000000000-G2F3P	1	1	1	40/40	40/40	19/19	19/19	1	0	1
181024_M05267_0162_000000000-G2LK2	0	0	0	0	0	0	0	0	0	
181024_M05267_0163_000000000-G2LK2	1	1	1	50/50	50/50	24/24	24/24	1	0	1
181025_M02559_0109_000000000-G2LKC	1	1	1	42/42	42/42	20/20	20/20	1	0	1
181025_M05267_0164_000000000-BYYW9	1	1	1	25/25	25/25	24/24	24/24	1	0	1
181026_M02559_0110_000000000-G2LHL	1	1	1	42/42	42/42	20/20	20/20	1	0	1
181026_M05267_0165_000000000-BWVV5	1	1	1	25/25	25/25	24/24	24/24	1	0	1
181029_M02559_0111_000000000-G2KM6	1	1	1	34/34	34/34	16/16	16/16	1	0	1
181029_M05267_0166_000000000-G2GKM	1	1	1	8/8	8/8	3/3	3/3	1	0	1
181030_M02559_0112_000000000-G2LGN	1	1	1	34/34	34/34	16/16	16/16	1	0	1
181031_M02559_0113_000000000-G2L28	1	1	1	34/34	34/34	16/16	16/16	1	0	1
181101_M02559_0114_000000000-G2LL8	1	1	1	44/44	44/44	21/21	21/21	1	0	1
181102_M02559_0115_000000000-G2KY6	1	1	1	42/42	42/42	20/20	20/20	1	0	1
181102_M05267_0167_000000000-BYYW7	1	1	1	25/25	25/25	24/24	24/24	1	0	1
181105_M02559_0116_000000000-G2F52	1	1	1	34/34	34/34	16/16	16/16	1	0	1
181105_M05267_0168_000000000-G2F48	1	1	1	34/34	34/34	16/16	16/16	1	0	1
181106_M02559_0117_000000000-G2R7L	1	1	1	14/14	14/14	6/6	6/6	1	0	1
181107_M02559_0118_000000000-G1WW9	1	1	1	34/34	34/34	16/16	16/16	1	0	1
181108_M02559_0119_000000000-G2FC9	1	1	1	34/34	34/34	16/16	16/16	1	0	1
181109_M02559_0120_000000000-G1PYY	1	1	1	32/32	32/32	15/15	15/15	1	0	1
181109_M05267_0169_000000000-D3G75	1	1	1	34/34	34/34	16/16	16/16	1	0	1
181113_M02559_0121_000000000-G2L25	1	1	1	18/18	18/18	8/8	8/8	1	0	1
181114_M02559_0122_000000000-G2L5P	1	1	1	34/34	34/34	16/16	16/16	1	0	1
181114_M05267_0170_000000000-C4BRP	1	1	1	25/25	25/25	24/24	24/24	1	0	1
181115_M02559_0123_000000000-G2FM3	1	1	1	34/34	34/34	16/16	16/16	1	0	1
181116_M02559_0124_000000000-G2FLV	1	1	1	34/34	34/34	16/16	16/16	1	0	1
181119_M02559_0125_000000000-G2F9J	1	1	1	42/42	42/42	20/20	20/20	1	0	1
181120_M05267_0171_000000000-BWWBM	1	1	1	25/25	25/25	24/24	24/24	1	0	1
181121_M02559_0126_000000000-G2KY4	1	1	1	34/34	34/34	16/16	16/16	1	0	1
181122_M02559_0127_000000000-G1WKH	1	1	1	34/34	34/34	16/16	16/16	1	0	1
181122_M05267_0172_000000000-C4C6D	1	1	1	25/25	25/25	24/24	24/24	1	0	1
181123_M02559_0128_000000000-G2L5H	1	1	1	34/34	34/34	16/16	16/16	1	0	1
181123_M05267_0173_000000000-G2WT8	1	1	1	4/4	4/4	1/1	1/1	1	0	1
181126_M02559_0129_000000000-G2R7M	1	1	1	30/30	30/30	14/14	14/14	1	0	1
181128_M02559_0130_000000000-G2WDY	1	1	1	34/34	34/34	16/16	16/16	1	0	1
181128_M05267_0174_000000000-C22N6	1	1	1	25/25	25/25	24/24	24/24	1	0	1
181129_M02559_0131_000000000-G2WBG	1	1	1	34/34	34/34	16/16	16/16	1	0	1
181130_M02559_0132_000000000-BF533	1	1	1	6/6	6/6	2/2	2/2	1	0	1
181130_M05267_0175_000000000-C4B7B	1	1	1	25/25	25/25	24/24	24/24	1	0	1
181203_M02559_0133_000000000-G2R6W	1	1	1	26/26	26/26	12/12	12/12	1	0	1
181203_M05267_0176_000000000-G2RD5	1	1	1	6/6	6/6	2/2	2/2	1	0	1
181204_M02559_0134_000000000-G2VW7	1	1	1	34/34	34/34	16/16	16/16	1	0	1
181205_M02559_0135_000000000-G2KYG	1	1	1	34/34	34/34	16/16	16/16	1	0	1
181206_M05267_0177_000000000-C4CGY	1	1	1	25/25	25/25	24/24	24/24	1	0	1
181207_M02559_0136_000000000-G2LKR	1	1	1	34/34	34/34	16/16	16/16	1	0	1
181210_M02559_0137_000000000-G2KL4	1	1	1	34/34	34/34	16/16	16/16	1	0	1
181211_M02559_0138_000000000-G3DFJ	1	1	1	18/18	18/18	8/8	8/8	1	0	1
181212_M02559_0139_000000000-G2W67	1	1	1	34/34	34/34	16/16	16/16	1	0	1
181212_M05267_0178_000000000-C4CGF	1	1	1	25/25	25/25	24/24	24/24	1	0	1
181213_M02559_0140_000000000-G2FK3	1	1	1	34/34	34/34	16/16	16/16	1	0	1
181213_M05267_0179_000000000-D44J3	1	0	0	0	0	0	0	0	0	
181214_M02559_0141_000000000-G3DDJ	1	1	1	34/34	34/34	16/16	16/16	1	0	1
181214_M05267_0180_000000000-C22Y8	1	1	1	25/25	25/25	24/24	24/24	1	0	1
181217_M02559_0142_000000000-G3C2M	1	1	1	34/34	34/34	16/16	16/16	1	0	1
181218_M02559_0143_000000000-G3CHM	1	1	1	34/34	34/34	16/16	16/16	1	0	1
181218_M05267_0181_000000000-C4BT6	1	1	1	25/25	25/25	24/24	24/24	1	0	1
181219_M02559_0144_000000000-G3CHN	1	1	1	34/34	34/34	16/16	16/16	1	0	1
181220_M02559_0145_000000000-G2FGP	1	1	1	34/34	34/34	16/16	16/16	1	0	1
181221_M05267_0182_000000000-C54WM	1	1	1	25/25	25/25	24/24	24/24	1	0	1
181222_M02559_0146_000000000-G2R73	1	1	1	34/34	34/34	16/16	16/16	1	0	1
181225_M02559_0147_000000000-G3CKT	1	1	1	34/34	34/34	16/16	16/16	1	0	1
181227_M02559_0148_000000000-G3D82	1	1	1	34/34	34/34	16/16	16/16	1	0	1
181227_M05267_0183_000000000-C4TH9	1	1	1	25/25	25/25	24/24	24/24	1	0	1
181228_M02559_0149_000000000-C54W6	1	1	1	25/25	25/25	24/24	24/24	1	0	1
181228_M05267_0184_000000000-C4TH9	0	0	0	0	0	0	0	0	0	
181229_M02559_0150_000000000-G3CGV	1	1	1	50/50	50/50	24/24	24/24	0	0	1
190102_M02559_0151_000000000-G3DR4	1	1	1	34/34	34/34	16/16	16/16	1	0	1
190103_M02559_0152_000000000-G3DR9	1	1	1	34/34	34/34	16/16	16/16	1	0	1
190103_M05267_0187_000000000-C66VC	1	1	1	25/25	25/25	24/24	24/24	1	0	1
190104_M02559_0153_000000000-G3C2R	1	1	1	34/34	34/34	16/16	16/16	1	0	1
190108_M02559_0154_000000000-G3CG2	1	1	1	50/50	50/50	24/24	24/24	1	0	1
190109_M02559_0155_000000000-G3C2P	1	1	1	34/34	34/34	16/16	16/16	1	0	1
190109_M05267_0188_000000000-C554J	1	1	1	25/25	25/25	24/24	24/24	1	0	1
190110_M02559_0156_000000000-G3CH5	1	1	1	34/34	34/34	16/16	16/16	1	0	1
190111_M02559_0157_000000000-G3D55	1	1	1	34/34	34/34	16/16	16/16	1	0	1
190111_M05267_0189_000000000-D4PN8	1	1	1	8/8	8/8	3/3	3/3	1	0	1
190112_M05267_0190_000000000-C4WHM	1	1	1	25/25	25/25	24/24	24/24	1	0	1
190114_M02559_0158_000000000-G3CH9	1	1	1	50/50	50/50	24/24	24/24	1	0	1
190115_M02559_0159_000000000-G3FBF	1	1	1	38/38	38/38	18/18	18/18	1	0	1
190115_M05267_0191_000000000-D4T5F	1	1	1	8/8	8/8	3/3	3/3	0	0	1
190116_M02559_0160_000000000-G3DNB	1	1	1	34/34	34/34	16/16	16/16	1	0	1
190116_M05267_0192_000000000-G3F66	1	1	1	46/46	46/46	22/22	22/22	0	0	1
190117_M02559_0161_000000000-G3GVM	1	1	1	34/34	34/34	16/16	16/16	1	0	1
190117_M05267_0193_000000000-C4WGJ	1	1	1	25/25	25/25	24/24	24/24	1	0	1
190118_M02559_0162_000000000-G3DPK	1	1	1	34/34	34/34	16/16	16/16	1	0	1
190119_M02559_0163_000000000-G3GTK	1	1	1	50/50	50/50	24/24	24/24	1	0	1
190121_M02559_0164_000000000-G3F8B	1	1	1	40/40	40/40	19/19	19/19	1	0	1
190122_M02559_0165_000000000-G3H49	1	1	1	32/32	32/32	15/15	15/15	1	0	1
190122_M05267_0194_000000000-C4VD7	1	1	1	25/25	25/25	24/24	24/24	1	0	1
190124_M02559_0166_000000000-G3DLG	1	1	1	40/40	40/40	19/19	19/19	1	0	1
190125_M02559_0167_000000000-G3CG6	1	1	1	42/42	42/42	20/20	20/20	1	0	1
190128_M02559_0168_000000000-G3C6W	1	1	1	50/50	50/50	24/24	24/24	1	0	1
190128_M05267_0195_000000000-D46KG	1	1	1	8/8	8/8	3/3	3/3	1	0	1
190129_M02559_0169_000000000-G3C2V	1	1	1	42/42	42/42	20/20	20/20	1	0	1
190129_M05267_0196_000000000-C554R	1	1	1	25/25	25/25	24/24	24/24	1	0	1
190130_M02559_0170_000000000-G3CGL	1	1	1	42/42	42/42	20/20	20/20	1	0	1
190131_M02559_0171_000000000-G3C3B	1	1	1	42/42	42/42	20/20	20/20	1	0	1
190201_M02559_0172_000000000-G3C42	1	1	1	34/34	34/34	16/16	16/16	1	0	1
190201_M05267_0197_000000000-C4YNG	1	1	1	25/25	25/25	24/24	24/24	1	0	1
190205_M02559_0173_000000000-G3C8H	1	1	1	38/38	38/38	18/18	18/18	1	0	1
190206_M02559_0174_000000000-G3FVJ	1	1	1	42/42	42/42	20/20	20/20	1	0	1
190212_M02559_0175_000000000-G3C87	1	1	1	42/42	42/42	20/20	20/20	1	0	1
190213_M02559_0176_000000000-G3FT8	1	1	1	34/34	34/34	16/16	16/16	1	0	1
190213_M05267_0198_000000000-C5254	1	1	1	25/25	25/25	24/24	24/24	1	0	1
190214_M02559_0177_000000000-G3C83	1	1	1	42/42	42/42	20/20	20/20	1	0	1
190214_M05267_0199_000000000-G2FYK	1	1	1	34/34	34/34	16/16	16/16	1	0	1
190215_M02559_0178_000000000-G3C7T	1	1	1	34/34	34/34	16/16	16/16	1	0	1
190215_M05267_0200_000000000-G3H4D	1	1	1	8/8	8/8	3/3	3/3	1	0	1
190218_M02559_0179_000000000-G3H6J	1	1	1	42/42	42/42	20/20	20/20	1	0	1
190219_M02559_0180_000000000-G3FV5	1	1	1	42/42	42/42	20/20	20/20	1	0	1
190219_M05267_0201_000000000-C4W26	1	1	1	25/25	25/25	24/24	24/24	1	0	1
190220_M02559_0181_000000000-G3FJB	1	1	1	42/42	42/42	20/20	20/20	1	0	1
190220_M05267_0202_000000000-G3DCM	1	1	1	34/34	34/34	16/16	16/16	1	0	1
190221_M02559_0182_000000000-G3FHK	1	1	1	42/42	42/42	20/20	20/20	1	0	1
190222_M02559_0183_000000000-G3L2K	1	1	1	42/42	42/42	20/20	20/20	1	0	1
190223_M02559_0184_000000000-G3G53	1	1	1	40/40	40/40	19/19	19/19	1	0	1
190223_M02559_0457_000000000-G1T6H	0	0	0	0	0	0	0	0	0	
190225_M02559_0185_000000000-G3JJD	1	1	1	42/42	42/42	20/20	20/20	1	0	1
190225_M05267_0203_000000000-C79T9	1	1	1	25/25	25/25	24/24	24/24	1	0	1
190226_M02559_0186_000000000-G3JJ8	1	1	1	18/18	18/18	8/8	8/8	1	0	1
190227_M02559_0187_000000000-G3K8D	1	1	1	34/34	34/34	16/16	16/16	1	0	1
190304_M02559_0188_000000000-G3K75	1	1	1	42/42	42/42	20/20	20/20	1	0	1
190304_M05267_0204_000000000-G2G34	1	1	1	26/26	26/26	12/12	12/12	1	0	1
190305_M02559_0189_000000000-G3G5B	1	1	1	26/26	26/26	12/12	12/12	1	0	1
190305_M05267_0205_000000000-C79RJ	1	1	1	25/25	25/25	24/24	24/24	1	0	1
190306_M02559_0190_000000000-G3G54	1	1	1	42/42	42/42	20/20	20/20	1	0	1
190307_M02559_0191_000000000-G3L3K	1	1	1	42/42	42/42	20/20	20/20	1	0	1
190307_M05267_0206_000000000-C797W	1	1	1	25/25	25/25	24/24	24/24	1	0	1
190308_M02559_0192_000000000-G3FHN	1	1	1	42/42	42/42	20/20	20/20	1	0	1
190309_M05267_0207_000000000-C78BB	1	1	1	25/25	25/25	24/24	24/24	1	0	1
190311_M02559_0193_000000000-G3JKP	1	1	1	42/42	42/42	20/20	20/20	1	0	1
190311_M05267_0208_000000000-D4KJT	1	1	0	0	0	0	0	0	0	
190312_M02559_0194_000000000-G3FHY	1	1	1	44/44	44/44	21/21	21/21	1	0	1
190313_M02559_0195_000000000-G3JTM	1	1	1	42/42	42/42	20/20	20/20	1	0	1
190313_M05267_0209_000000000-D45RG	1	1	1	20/20	20/20	9/9	9/9	1	0	1
190314_M02559_0196_000000000-G3FJD	1	1	1	42/42	42/42	20/20	20/20	1	0	1
190315_M02559_0197_000000000-G3K5G	1	1	1	42/42	42/42	20/20	20/20	1	0	1
190315_M05267_0210_000000000-C642R	1	1	1	25/25	25/25	24/24	24/24	1	0	1
190316_M02559_0198_000000000-G3JJG	1	1	1	42/42	42/42	20/20	20/20	1	0	1
190316_M05267_0211_000000000-D4GGJ	1	1	1	4/4	4/4	1/1	1/1	1	0	1
190318_M02559_0199_000000000-G3GKW	1	1	1	18/18	18/18	8/8	8/8	1	0	1
190318_M05267_0212_000000000-G3HTR	1	1	1	20/20	20/20	9/9	9/9	1	0	1
190319_M02559_0200_000000000-G3JJ4	1	1	1	42/42	42/42	20/20	20/20	1	0	1
190320_M02559_0201_000000000-G3DMH	1	1	1	34/34	34/34	16/16	16/16	1	0	1
190320_M05267_0213_000000000-C5WNM	1	1	1	25/25	25/25	24/24	24/24	1	0	1
190321_M02559_0202_000000000-G3DM5	1	1	1	42/42	42/42	20/20	20/20	1	0	1
190321_M05267_0214_000000000-D4GGL	0	0	0	0	0	0	0	0	0	
190322_M02559_0203_000000000-G3HTT	1	1	1	42/42	42/42	20/20	20/20	1	0	1
190322_M05267_0215_000000000-D4GGL	1	1	1	20/20	20/20	9/9	9/9	1	0	1
190325_M02559_0204_000000000-G3JBC	1	1	1	42/42	42/42	20/20	20/20	1	0	1
190325_M05267_0216_000000000-G3JCN	1	1	1	18/18	18/18	8/8	8/8	1	0	1
190326_M02559_0205_000000000-G3M8J	1	1	1	42/42	42/42	20/20	20/20	1	0	1
190326_M05267_0217_000000000-C6593	1	1	1	25/25	25/25	24/24	24/24	1	0	1
190327_M02559_0206_000000000-G3HK3	1	1	1	42/42	42/42	20/20	20/20	1	0	1
190328_M02559_0207_000000000-G3H8G	1	1	1	42/42	42/42	20/20	20/20	1	0	1
190328_M05267_0218_000000000-C5WT6	1	1	1	25/25	25/25	24/24	24/24	1	0	1
190329_M02559_0208_000000000-G3JB9	1	1	1	42/42	42/42	20/20	20/20	1	0	1
190329_M05267_0219_000000000-C64FV	1	1	1	25/25	25/25	24/24	24/24	1	0	1
190401_M02559_0209_000000000-G3HV3	1	1	1	42/42	42/42	20/20	20/20	1	0	1
190402_M02559_0210_000000000-G3JBH	1	1	1	42/42	42/42	20/20	20/20	1	0	1
190402_M05267_0220_000000000-C7B7G	1	1	1	25/25	25/25	24/24	24/24	1	0	1
190403_M02559_0211_000000000-G3JBF	1	1	1	42/42	42/42	20/20	20/20	1	0	1
190404_M05267_0221_000000000-C7T7G	1	1	1	25/25	25/25	24/24	24/24	1	0	1
190408_M02559_0212_000000000-G3C7P	1	1	1	42/42	42/42	20/20	20/20	1	0	1
190408_M05267_0222_000000000-D4K7R	1	1	1	20/20	20/20	9/9	9/9	1	0	1
190409_M02559_0213_000000000-G3DPM	1	1	1	42/42	42/42	20/20	20/20	1	0	1
190409_M05267_0223_000000000-C7T6K	1	1	1	25/25	25/25	24/24	24/24	1	0	1
190410_M02559_0214_000000000-G3C8V	1	1	1	42/42	42/42	20/20	20/20	1	0	1
190410_M05267_0224_000000000-C7C5T	1	1	1	25/25	25/25	24/24	24/24	1	0	1
190411_M02559_0215_000000000-G3FTM	1	1	1	42/42	42/42	20/20	20/20	1	0	1
190413_M02559_0216_000000000-G3DPD	1	1	1	42/42	42/42	20/20	20/20	1	0	1
190413_M05267_0225_000000000-C7P48	1	1	1	25/25	25/25	24/24	24/24	1	0	1
190415_M02559_0217_000000000-G3DTG	1	1	1	42/42	42/42	20/20	20/20	1	0	1
190415_M05267_0226_000000000-D525J	1	1	1	50/50	50/50	24/24	24/24	1	0	1
190416_M02559_0218_000000000-G3F4F	1	1	1	42/42	42/42	20/20	20/20	1	0	1
190416_M05267_0227_000000000-C7WTL	1	1	1	25/25	25/25	24/24	24/24	1	0	1
190417_M02559_0219_000000000-G3FT7	1	1	1	42/42	42/42	20/20	20/20	1	0	1
190417_M05267_0228_000000000-G3HVC	1	1	1	42/42	42/42	20/20	20/20	1	0	1
190418_M02559_0220_000000000-G3HTL	1	1	1	42/42	42/42	20/20	20/20	1	0	1
190418_M05267_0229_000000000-C7YM3	1	1	1	25/25	25/25	24/24	24/24	1	0	1
190419_M02559_0221_000000000-G3M7P	1	1	1	42/42	42/42	20/20	20/20	1	0	1
190419_M05267_0230_000000000-BDBMW	1	1	1	12/12	12/12	5/5	5/5	1	0	1
190422_M02559_0222_000000000-G3N9F	1	1	1	42/42	42/42	20/20	20/20	1	0	1
190422_M05267_0231_000000000-C7YLC	1	1	1	25/25	25/25	24/24	24/24	1	0	1
190423_M02559_0223_000000000-G3M7N	1	1	1	34/34	34/34	16/16	16/16	1	0	1
190423_M05267_0232_000000000-CB8H2	1	1	1	25/25	25/25	24/24	24/24	1	0	1
190424_M02559_0224_000000000-G3HV6	1	1	1	42/42	42/42	20/20	20/20	1	0	1
190424_M05267_0233_000000000-G3N9D	1	1	1	40/40	40/40	19/19	19/19	1	0	1
190425_M02559_0225_000000000-G3M5J	1	1	1	42/42	42/42	20/20	20/20	1	0	1
190425_M05267_0234_000000000-CB8GM	1	1	1	25/25	25/25	24/24	24/24	1	0	1
190426_M02559_0226_000000000-G3N5T	1	1	1	42/42	42/42	20/20	20/20	1	0	1
190426_M05267_0235_000000000-CB877	1	1	1	25/25	25/25	24/24	24/24	1	0	1
190429_M02559_0227_000000000-G3HTG	1	1	1	34/34	34/34	16/16	16/16	1	0	1
190430_M02559_0228_000000000-G3M52	1	1	1	34/34	34/34	16/16	16/16	1	0	1
190501_M05267_0236_000000000-CB82B	1	1	1	25/25	25/25	24/24	24/24	1	0	1
190502_M02559_0229_000000000-G3TT3	1	1	1	42/42	42/42	20/20	20/20	1	0	1
190502_M05267_0237_000000000-CB87C	1	1	1	25/25	25/25	24/24	24/24	1	0	1
190503_M02559_0230_000000000-G3PFL	1	1	1	42/42	42/42	20/20	20/20	1	0	1
190504_M05267_0238_000000000-G3RPR	1	1	1	44/44	44/44	21/21	21/21	1	0	1
190506_M02559_0231_000000000-G3NNV	1	1	1	34/34	34/34	16/16	16/16	1	0	1
190506_M05267_0239_000000000-CB97Y	1	1	1	25/25	25/25	24/24	24/24	1	0	1
190507_M02559_0232_000000000-G3NYW	1	1	1	34/34	34/34	16/16	16/16	1	0	1
190508_M02559_0233_000000000-G3NR5	1	1	1	42/42	42/42	20/20	20/20	1	0	1
190508_M05267_0240_000000000-CB9KG	1	1	1	25/25	25/25	24/24	24/24	1	0	1
190509_M02559_0234_000000000-G3NG2	1	1	1	42/42	42/42	20/20	20/20	1	0	1
190509_M05267_0241_000000000-G3P9W	1	1	1	46/46	46/46	22/22	22/22	1	0	1
190510_M02559_0235_000000000-G3NPM	1	1	1	42/42	42/42	20/20	20/20	1	0	1
190510_M05267_0242_000000000-CB8N3	1	1	1	25/25	25/25	24/24	24/24	1	0	1
190513_M02559_0236_000000000-G3P28	1	1	1	42/42	42/42	20/20	20/20	1	0	1
190514_M02559_0237_000000000-G3NGM	1	1	1	34/34	34/34	16/16	16/16	1	0	1
190514_M05267_0243_000000000-C7C5R	1	1	1	25/25	25/25	24/24	24/24	1	0	1
190515_M02559_0238_000000000-G3PYY	1	1	1	42/42	42/42	20/20	20/20	1	0	1
190515_M05267_0244_000000000-G3NH4	1	1	1	42/42	42/42	20/20	20/20	1	0	1
190516_M02559_0239_000000000-G3PBH	1	1	1	42/42	42/42	20/20	20/20	1	0	1
190516_M05267_0245_000000000-C7WBL	1	1	1	25/25	25/25	24/24	24/24	1	0	1
190517_M02559_0240_000000000-G3P9T	1	1	1	42/42	42/42	20/20	20/20	1	0	1
190517_M05267_0246_000000000-D4M2L	1	1	1	18/18	18/18	8/8	8/8	1	0	1
190518_M02559_0241_000000000-D56H9	1	1	1	24/24	24/24	11/11	11/11	1	0	1
190518_M05267_0247_000000000-D64LM	1	1	1	50/50	50/50	24/24	24/24	1	0	1
190520_M02559_0242_000000000-G3NNH	1	1	1	42/42	42/42	20/20	20/20	1	0	1
190521_M02559_0243_000000000-G3R8P	1	1	1	42/42	42/42	20/20	20/20	1	0	1
190521_M05267_0248_000000000-C7WC3	1	1	1	25/25	25/25	24/24	24/24	1	0	1
190522_M02559_0244_000000000-G3V96	1	1	1	42/42	42/42	20/20	20/20	1	0	1
190522_M05267_0249_000000000-G3T6P	1	1	1	50/50	50/50	24/24	24/24	1	0	1
190523_M02559_0245_000000000-G3RB2	1	1	1	34/34	34/34	16/16	16/16	1	0	1
190523_M05267_0250_000000000-D66FK	1	1	1	20/20	20/20	9/9	9/9	1	0	1
190524_M02559_0246_000000000-G3VHD	1	1	1	42/42	42/42	20/20	20/20	1	0	1
190524_M05267_0251_000000000-AUYK2	1	0	0	0	0	0	0	0	0	
190525_M02559_0247_000000000-G3W73	1	1	1	42/42	42/42	20/20	20/20	1	0	1
190527_M02559_0248_000000000-G3T99	1	1	1	34/34	34/34	16/16	16/16	1	0	1
190527_M05267_0252_000000000-G3VHK	1	1	1	30/30	30/30	14/14	14/14	1	0	1
190528_M02559_0249_000000000-G3PFR	1	1	1	34/34	34/34	16/16	16/16	1	0	1
190528_M05267_0253_000000000-C7V82	1	1	1	25/25	25/25	24/24	24/24	1	0	1
190529_M02559_0250_000000000-G3NHD	1	1	1	34/34	34/34	16/16	16/16	1	0	1
190529_M05267_0254_000000000-CB7WN	1	1	1	25/25	25/25	24/24	24/24	1	0	1
190530_M02559_0251_000000000-G3RJT	1	1	1	34/34	34/34	16/16	16/16	1	0	1
190530_M05267_0255_000000000-C7P2W	1	1	1	25/25	25/25	24/24	24/24	1	0	1
190531_M02559_0252_000000000-G3RL6	0	0	0	0	0	0	0	0	0	
190601_M02559_0253_000000000-G3RK5	0	0	0	0	0	0	0	0	0	
190603_M02559_0254_000000000-G3TDF	1	1	1	42/42	42/42	20/20	20/20	1	0	1
190603_M05267_0256_000000000-C7N7R	1	1	1	25/25	25/25	24/24	24/24	1	0	1
190604_M02559_0255_000000000-G3WBJ	1	1	1	42/42	42/42	20/20	20/20	1	0	1
190604_M05267_0257_000000000-G3T8D	1	1	1	44/44	44/44	21/21	21/21	1	0	1
190605_M02559_0256_000000000-G43RC	1	1	1	42/42	42/42	20/20	20/20	1	0	1
190605_M05267_0258_000000000-CB9MJ	1	1	1	25/25	25/25	24/24	24/24	1	0	1
190606_M02559_0257_000000000-G3VHM	1	1	1	42/42	42/42	20/20	20/20	1	0	1
190606_M05267_0259_000000000-CB8BP	1	1	1	25/25	25/25	24/24	24/24	1	0	1
190608_M02559_0258_000000000-G3V98	1	1	1	42/42	42/42	20/20	20/20	1	0	1
190610_M05267_0260_000000000-D4BT3	0	0	0	0	0	0	0	0	0	
